ACACIAS DipoleDipole_4
4.50
11
3
Type of measurement (0=app.resistivity,1=resistance)
1
348
2
11
Chargeability
mV/V
2 0.01 0.02 0.02 0.80 0.50
4 29.25 0.00 33.75 0.00 24.75 0.00 20.25 0.00 13.7971 14.7883 14.028
4 33.75 0.00 38.25 0.00 29.25 0.00 24.75 0.00 13.8008 14.4399 13.7645
4 38.25 0.00 42.75 0.00 24.75 0.00 20.25 0.00 0.952289 22.5701 21.7341
4 38.25 0.00 47.25 0.00 29.25 0.00 20.25 0.00 5.43368 20.2326 19.2008
4 42.75 0.00 47.25 0.00 29.25 0.00 24.75 0.00 0.929961 21.5439 20.3953
4 38.25 0.00 42.75 0.00 33.75 0.00 29.25 0.00 13.2049 14.104 13.4191
4 47.25 0.00 51.75 0.00 24.75 0.00 20.25 0.00 0.118781 22.099 21.2753
4 42.75 0.00 51.75 0.00 33.75 0.00 24.75 0.00 5.09144 19.4234 18.5301
4 56.25 0.00 60.75 0.00 24.75 0.00 20.25 0.00 0.0173384 44.7199 38.6971
4 47.25 0.00 60.75 0.00 33.75 0.00 20.25 0.00 1.99417 22.0336 20.854
4 42.75 0.00 47.25 0.00 38.25 0.00 33.75 0.00 13.9943 14.1498 13.4248
4 51.75 0.00 56.25 0.00 29.25 0.00 24.75 0.00 0.11712 22.9314 22.3296
4 47.25 0.00 51.75 0.00 33.75 0.00 29.25 0.00 0.924054 21.6549 20.3878
4 47.25 0.00 56.25 0.00 38.25 0.00 29.25 0.00 5.44627 19.1887 18.2224
4 56.25 0.00 65.25 0.00 29.25 0.00 20.25 0.00 0.086667 17.5137 16.6021
4 51.75 0.00 56.25 0.00 38.25 0.00 33.75 0.00 0.946245 20.3205 19.3622
4 47.25 0.00 51.75 0.00 42.75 0.00 38.25 0.00 15.227 14.8927 14.143
4 60.75 0.00 65.25 0.00 29.25 0.00 24.75 0.00 0.0179475 15.6649 18.9183
4 56.25 0.00 60.75 0.00 33.75 0.00 29.25 0.00 0.101232 25.21 23.251
4 51.75 0.00 65.25 0.00 38.25 0.00 24.75 0.00 1.9618 22.8425 21.4192
4 51.75 0.00 60.75 0.00 42.75 0.00 33.75 0.00 5.42545 19.4214 18.3265
4 60.75 0.00 69.75 0.00 33.75 0.00 24.75 0.00 0.0848864 33.695 30.5959
4 51.75 0.00 56.25 0.00 47.25 0.00 42.75 0.00 13.5676 13.315 12.6316
4 56.25 0.00 60.75 0.00 42.75 0.00 38.25 0.00 0.892048 22.6924 21.0883
4 65.25 0.00 69.75 0.00 33.75 0.00 29.25 0.00 0.0180132 53.7063 59.761
4 60.75 0.00 65.25 0.00 38.25 0.00 33.75 0.00 0.105557 38.2761 35.6035
4 56.25 0.00 69.75 0.00 42.75 0.00 29.25 0.00 1.89065 27.1872 25.5543
4 65.25 0.00 74.25 0.00 38.25 0.00 29.25 0.00 0.087978 20.6906 22.6768
4 74.25 0.00 83.25 0.00 29.25 0.00 20.25 0.00 0.00640478 95.6811 87.7213
4 56.25 0.00 65.25 0.00 47.25 0.00 38.25 0.00 4.77285 20.0069 19.0119
4 56.25 0.00 60.75 0.00 51.75 0.00 47.25 0.00 12.6627 14.1507 13.4049
4 69.75 0.00 74.25 0.00 38.25 0.00 33.75 0.00 0.0198391 15.2963 14.6719
4 60.75 0.00 65.25 0.00 47.25 0.00 42.75 0.00 0.836498 21.338 20.2009
4 74.25 0.00 87.75 0.00 33.75 0.00 20.25 0.00 0.017208 21.2026 12.0803
4 60.75 0.00 74.25 0.00 47.25 0.00 33.75 0.00 1.85901 22.7017 21.4793
4 65.25 0.00 69.75 0.00 42.75 0.00 38.25 0.00 0.109314 24.1624 24.1043
4 60.75 0.00 69.75 0.00 51.75 0.00 42.75 0.00 4.94066 19.3913 18.4104
4 69.75 0.00 78.75 0.00 42.75 0.00 33.75 0.00 0.0993071 11.973 12.1895
4 78.75 0.00 87.75 0.00 33.75 0.00 24.75 0.00 0.0154209 108.04 102.74
4 69.75 0.00 74.25 0.00 47.25 0.00 42.75 0.00 0.11509 25.8447 24.3175
4 65.25 0.00 78.75 0.00 51.75 0.00 38.25 0.00 1.94322 22.4953 21.091
4 65.25 0.00 69.75 0.00 51.75 0.00 47.25 0.00 0.870611 20.8396 19.7326
4 78.75 0.00 92.25 0.00 38.25 0.00 24.75 0.00 0.0256994 70.9872 66.7939
4 74.25 0.00 78.75 0.00 42.75 0.00 38.25 0.00 0.0208977 34.2671 31.9509
4 60.75 0.00 65.25 0.00 56.25 0.00 51.75 0.00 11.4725 13.3824 12.7022
4 92.25 0.00 101.25 0.00 29.25 0.00 20.25 0.00 0.00549118 246.369 220.106
4 65.25 0.00 74.25 0.00 56.25 0.00 47.25 0.00 4.68205 19.185 18.3067
4 74.25 0.00 83.25 0.00 47.25 0.00 38.25 0.00 0.0930865 27.2399 25.0148
4 83.25 0.00 92.25 0.00 38.25 0.00 29.25 0.00 0.0114966 70.125 71.5352
4 74.25 0.00 78.75 0.00 51.75 0.00 47.25 0.00 0.123324 27.7363 26.3242
4 83.25 0.00 96.75 0.00 42.75 0.00 29.25 0.00 0.0214136 187.299 169.454
4 69.75 0.00 74.25 0.00 56.25 0.00 51.75 0.00 0.878961 20.9369 19.7175
4 78.75 0.00 83.25 0.00 47.25 0.00 42.75 0.00 0.0172022 35.994 27.7686
4 69.75 0.00 83.25 0.00 56.25 0.00 42.75 0.00 1.95351 24.183 22.6904
4 65.25 0.00 69.75 0.00 60.75 0.00 56.25 0.00 10.8361 12.7514 12.1078
4 69.75 0.00 78.75 0.00 60.75 0.00 51.75 0.00 4.84959 18.8218 17.8987
4 96.75 0.00 105.75 0.00 33.75 0.00 24.75 0.00 -0.00723182 107.91 99.1236
4 87.75 0.00 96.75 0.00 42.75 0.00 33.75 0.00 0.00873091 -234.168 -213.265
4 78.75 0.00 87.75 0.00 51.75 0.00 42.75 0.00 0.093734 -26.0151 -22.503
4 101.25 0.00 114.75 0.00 33.75 0.00 20.25 0.00 0.00204711 169.671 180.989
4 74.25 0.00 78.75 0.00 60.75 0.00 56.25 0.00 0.859799 20.3285 19.3516
4 74.25 0.00 87.75 0.00 60.75 0.00 47.25 0.00 1.86966 22.0363 20.8445
4 69.75 0.00 74.25 0.00 65.25 0.00 60.75 0.00 11.9755 13.2336 12.5677
4 83.25 0.00 87.75 0.00 51.75 0.00 47.25 0.00 0.0213257 -23.6195 -20.5396
4 78.75 0.00 83.25 0.00 56.25 0.00 51.75 0.00 0.0979991 28.162 25.8689
4 87.75 0.00 101.25 0.00 47.25 0.00 33.75 0.00 0.018547 19.9951 23.1662
4 101.25 0.00 110.25 0.00 38.25 0.00 29.25 0.00 0.0402379 101.816 98.9805
4 83.25 0.00 92.25 0.00 56.25 0.00 47.25 0.00 0.0994171 22.9949 22.229
4 92.25 0.00 101.25 0.00 47.25 0.00 38.25 0.00 0.00758928 72.1356 59.8707
4 74.25 0.00 83.25 0.00 65.25 0.00 56.25 0.00 4.70772 18.5846 17.6466
4 78.75 0.00 83.25 0.00 65.25 0.00 60.75 0.00 0.764569 19.9977 18.7519
4 87.75 0.00 92.25 0.00 56.25 0.00 51.75 0.00 0.0195978 -19.0956 -17.8796
4 78.75 0.00 92.25 0.00 65.25 0.00 51.75 0.00 1.77148 21.941 20.7895
4 92.25 0.00 105.75 0.00 51.75 0.00 38.25 0.00 0.0208024 55.0969 45.1882
4 74.25 0.00 78.75 0.00 69.75 0.00 65.25 0.00 11.7299 12.1612 11.5632
4 83.25 0.00 87.75 0.00 60.75 0.00 56.25 0.00 0.116307 22.493 21.8303
4 105.75 0.00 119.25 0.00 38.25 0.00 24.75 0.00 0.00127088 432.851 397.436
4 87.75 0.00 96.75 0.00 60.75 0.00 51.75 0.00 0.0948997 13.5152 14.2411
4 105.75 0.00 114.75 0.00 42.75 0.00 33.75 0.00 0.00133103 649.976 476.145
4 96.75 0.00 105.75 0.00 51.75 0.00 42.75 0.00 0.00736016 431.832 406.811
4 78.75 0.00 87.75 0.00 69.75 0.00 60.75 0.00 4.40589 17.4239 16.6099
4 96.75 0.00 110.25 0.00 56.25 0.00 42.75 0.00 0.0265196 108.027 88.8921
4 83.25 0.00 96.75 0.00 69.75 0.00 56.25 0.00 1.93028 21.238 20.0785
4 78.75 0.00 83.25 0.00 74.25 0.00 69.75 0.00 12.4741 11.0222 10.4667
4 92.25 0.00 96.75 0.00 60.75 0.00 56.25 0.00 0.0213912 21.2392 26.9096
4 110.25 0.00 123.75 0.00 42.75 0.00 29.25 0.00 -0.0273573 286.519 275.919
4 83.25 0.00 87.75 0.00 69.75 0.00 65.25 0.00 0.881757 17.4903 16.8601
4 87.75 0.00 92.25 0.00 65.25 0.00 60.75 0.00 0.109097 31.0867 28.6202
4 83.25 0.00 92.25 0.00 74.25 0.00 65.25 0.00 5.40139 17.5416 16.7165
4 110.25 0.00 119.25 0.00 47.25 0.00 38.25 0.00 0.000429633 276.885 433.514
4 92.25 0.00 101.25 0.00 65.25 0.00 56.25 0.00 0.105754 28.4887 27.786
4 101.25 0.00 110.25 0.00 56.25 0.00 47.25 0.00 0.00749082 61.5883 64.6332
4 87.75 0.00 92.25 0.00 74.25 0.00 69.75 0.00 0.917739 18.0876 17.3165
4 96.75 0.00 101.25 0.00 65.25 0.00 60.75 0.00 0.0239264 65.9549 55.9946
4 87.75 0.00 101.25 0.00 74.25 0.00 60.75 0.00 2.04393 21.7202 20.6747
4 101.25 0.00 114.75 0.00 60.75 0.00 47.25 0.00 0.0190855 55.2695 52.9105
4 83.25 0.00 87.75 0.00 78.75 0.00 74.25 0.00 13.5665 10.859 10.3408
4 92.25 0.00 96.75 0.00 69.75 0.00 65.25 0.00 0.115675 16.4592 16.237
4 128.25 0.00 141.75 0.00 33.75 0.00 20.25 0.00 0.000780088 110.21 22.0916
4 114.75 0.00 128.25 0.00 47.25 0.00 33.75 0.00 0.00215359 155.448 128.834
4 96.75 0.00 105.75 0.00 69.75 0.00 60.75 0.00 0.108933 40.0574 39.5292
4 105.75 0.00 114.75 0.00 60.75 0.00 51.75 0.00 0.00693112 157.234 132.546
4 114.75 0.00 123.75 0.00 51.75 0.00 42.75 0.00 0.00234033 106.746 119.53
4 87.75 0.00 96.75 0.00 78.75 0.00 69.75 0.00 5.03126 16.1389 15.3989
4 105.75 0.00 119.25 0.00 65.25 0.00 51.75 0.00 0.0181434 60.5721 64.8466
4 132.75 0.00 146.25 0.00 38.25 0.00 24.75 0.00 0.000577933 1031.61 1022.69
4 87.75 0.00 92.25 0.00 83.25 0.00 78.75 0.00 8.42221 9.27029 8.83102
4 119.25 0.00 132.75 0.00 51.75 0.00 38.25 0.00 0.00257132 89.9282 93.9355
4 92.25 0.00 96.75 0.00 78.75 0.00 74.25 0.00 0.9502 18.6755 17.6008
4 101.25 0.00 105.75 0.00 69.75 0.00 65.25 0.00 0.0204305 37.7659 32.2886
4 92.25 0.00 105.75 0.00 78.75 0.00 65.25 0.00 2.19931 21.2121 20.156
4 96.75 0.00 101.25 0.00 74.25 0.00 69.75 0.00 0.14758 24.1855 22.3869
4 101.25 0.00 110.25 0.00 74.25 0.00 65.25 0.00 0.111068 20.9053 18.7818
4 110.25 0.00 119.25 0.00 65.25 0.00 56.25 0.00 0.00669839 58.3655 73.8829
4 119.25 0.00 128.25 0.00 56.25 0.00 47.25 0.00 0.00167462 111.536 82.3108
4 92.25 0.00 101.25 0.00 83.25 0.00 74.25 0.00 4.33139 16.8462 16.0605
4 105.75 0.00 110.25 0.00 74.25 0.00 69.75 0.00 0.0271357 19.2872 54.5731
4 96.75 0.00 110.25 0.00 83.25 0.00 69.75 0.00 1.96054 22.1752 20.8768
4 137.25 0.00 150.75 0.00 42.75 0.00 29.25 0.00 0.000596245 789.268 743.357
4 110.25 0.00 123.75 0.00 69.75 0.00 56.25 0.00 0.0199965 70.7675 68.6699
4 92.25 0.00 96.75 0.00 87.75 0.00 83.25 0.00 10.5114 10.7967 10.2412
4 101.25 0.00 105.75 0.00 78.75 0.00 74.25 0.00 0.1307 25.5699 23.9517
4 123.75 0.00 137.25 0.00 56.25 0.00 42.75 0.00 0.00258147 -42.4159 -35.734
4 96.75 0.00 101.25 0.00 83.25 0.00 78.75 0.00 0.796962 19.8703 18.5878
4 105.75 0.00 114.75 0.00 78.75 0.00 69.75 0.00 0.119669 31.1085 30.1147
4 114.75 0.00 123.75 0.00 69.75 0.00 60.75 0.00 0.00687008 16.686 20.3852
4 123.75 0.00 132.75 0.00 60.75 0.00 51.75 0.00 0.00165749 75.4043 -4.01426
4 96.75 0.00 105.75 0.00 87.75 0.00 78.75 0.00 4.95417 19.0578 18.1942
4 101.25 0.00 105.75 0.00 87.75 0.00 83.25 0.00 0.886422 20.7519 19.7171
4 110.25 0.00 114.75 0.00 78.75 0.00 74.25 0.00 0.0222101 13.5496 8.60866
4 141.75 0.00 155.25 0.00 47.25 0.00 33.75 0.00 0.000836804 607.809 545.906
4 101.25 0.00 114.75 0.00 87.75 0.00 74.25 0.00 1.98705 22.2557 21.2032
4 96.75 0.00 101.25 0.00 92.25 0.00 87.75 0.00 13.0613 12.189 11.5725
4 105.75 0.00 110.25 0.00 83.25 0.00 78.75 0.00 0.107689 17.5206 23.4597
4 114.75 0.00 128.25 0.00 74.25 0.00 60.75 0.00 0.0176654 30.8472 28.8947
4 128.25 0.00 141.75 0.00 60.75 0.00 47.25 0.00 0.00256418 51.0479 23.5171
4 128.25 0.00 137.25 0.00 65.25 0.00 56.25 0.00 0.00172268 105.931 64.9831
4 101.25 0.00 110.25 0.00 92.25 0.00 83.25 0.00 5.23095 19.2987 18.331
4 110.25 0.00 119.25 0.00 83.25 0.00 74.25 0.00 0.0909423 25.4716 25.4338
4 119.25 0.00 128.25 0.00 74.25 0.00 65.25 0.00 0.0068344 41.1421 32.6147
4 105.75 0.00 119.25 0.00 92.25 0.00 78.75 0.00 2.16429 23.4418 22.3093
4 119.25 0.00 132.75 0.00 78.75 0.00 65.25 0.00 0.0182635 28.7443 22.7767
4 110.25 0.00 114.75 0.00 87.75 0.00 83.25 0.00 0.133545 37.4662 35.3497
4 101.25 0.00 105.75 0.00 96.75 0.00 92.25 0.00 11.9471 12.6552 12.0319
4 146.25 0.00 159.75 0.00 51.75 0.00 38.25 0.00 0.00118501 217.272 135.479
4 132.75 0.00 146.25 0.00 65.25 0.00 51.75 0.00 0.00218786 202.925 201.758
4 105.75 0.00 110.25 0.00 92.25 0.00 87.75 0.00 1.03394 23.4667 23.0736
4 114.75 0.00 119.25 0.00 83.25 0.00 78.75 0.00 0.0159959 34.8406 33.8233
4 132.75 0.00 141.75 0.00 69.75 0.00 60.75 0.00 0.00164115 194.944 215.997
4 105.75 0.00 114.75 0.00 96.75 0.00 87.75 0.00 5.59261 19.7748 18.8383
4 114.75 0.00 123.75 0.00 87.75 0.00 78.75 0.00 0.0906525 23.5686 23.7123
4 123.75 0.00 132.75 0.00 78.75 0.00 69.75 0.00 0.0071456 30.2686 14.9858
4 150.75 0.00 164.25 0.00 56.25 0.00 42.75 0.00 0.000796543 540.113 492.15
4 110.25 0.00 114.75 0.00 96.75 0.00 92.25 0.00 0.952272 21.3623 20.3705
4 110.25 0.00 123.75 0.00 96.75 0.00 83.25 0.00 2.05552 23.2617 22.0669
4 114.75 0.00 119.25 0.00 92.25 0.00 87.75 0.00 0.113629 25.8913 24.6382
4 105.75 0.00 110.25 0.00 101.25 0.00 96.75 0.00 14.4931 14.8845 14.2302
4 123.75 0.00 137.25 0.00 83.25 0.00 69.75 0.00 0.0163746 -6.29044 10.3117
4 137.25 0.00 150.75 0.00 69.75 0.00 56.25 0.00 0.00220887 159.902 152.432
4 119.25 0.00 123.75 0.00 87.75 0.00 83.25 0.00 0.020238 25.5927 26.2252
4 128.25 0.00 137.25 0.00 83.25 0.00 74.25 0.00 0.00632322 29.2532 20.478
4 137.25 0.00 146.25 0.00 74.25 0.00 65.25 0.00 0.00345965 84.4974 -0.607364
4 119.25 0.00 128.25 0.00 92.25 0.00 83.25 0.00 0.0959878 26.4533 24.7714
4 110.25 0.00 119.25 0.00 101.25 0.00 92.25 0.00 5.46306 20.3863 19.4335
4 123.75 0.00 128.25 0.00 92.25 0.00 87.75 0.00 0.0197781 33.956 30.9537
4 110.25 0.00 114.75 0.00 105.75 0.00 101.25 0.00 13.2236 14.6586 13.9654
4 119.25 0.00 123.75 0.00 96.75 0.00 92.25 0.00 0.115646 25.774 24.8026
4 141.75 0.00 155.25 0.00 74.25 0.00 60.75 0.00 0.00245793 165.245 154.609
4 155.25 0.00 168.75 0.00 60.75 0.00 47.25 0.00 0.000643121 541.424 507.154
4 114.75 0.00 119.25 0.00 101.25 0.00 96.75 0.00 0.926109 22.8051 21.7711
4 114.75 0.00 128.25 0.00 101.25 0.00 87.75 0.00 2.01812 23.7403 22.6284
4 128.25 0.00 141.75 0.00 87.75 0.00 74.25 0.00 0.0165985 8.26376 12.8205
4 141.75 0.00 150.75 0.00 78.75 0.00 69.75 0.00 0.00242496 -121.202 -32.8303
4 114.75 0.00 123.75 0.00 105.75 0.00 96.75 0.00 4.96032 20.4424 19.4905
4 123.75 0.00 132.75 0.00 96.75 0.00 87.75 0.00 0.0950039 24.934 24.1646
4 132.75 0.00 141.75 0.00 87.75 0.00 78.75 0.00 0.00609458 36.8624 43.1912
4 119.25 0.00 132.75 0.00 105.75 0.00 92.25 0.00 1.98339 23.6754 22.4592
4 159.75 0.00 173.25 0.00 65.25 0.00 51.75 0.00 0.000889581 341.855 315.624
4 114.75 0.00 119.25 0.00 110.25 0.00 105.75 0.00 14.0351 14.7897 14.0978
4 123.75 0.00 128.25 0.00 101.25 0.00 96.75 0.00 0.122243 27.1555 25.3419
4 132.75 0.00 146.25 0.00 92.25 0.00 78.75 0.00 0.0158862 41.7794 40.826
4 146.25 0.00 159.75 0.00 78.75 0.00 65.25 0.00 0.00260933 99.2829 61.8747
4 119.25 0.00 123.75 0.00 105.75 0.00 101.25 0.00 0.884914 21.7177 20.5583
4 128.25 0.00 132.75 0.00 96.75 0.00 92.25 0.00 0.0199629 38.8407 29.4586
4 137.25 0.00 146.25 0.00 92.25 0.00 83.25 0.00 0.00773466 47.9948 14.8294
4 146.25 0.00 155.25 0.00 83.25 0.00 74.25 0.00 0.00142732 230.97 166.113
4 119.25 0.00 128.25 0.00 110.25 0.00 101.25 0.00 5.6541 20.5859 19.5808
4 128.25 0.00 137.25 0.00 101.25 0.00 92.25 0.00 0.0999814 25.3606 25.3325
4 128.25 0.00 132.75 0.00 105.75 0.00 101.25 0.00 0.113662 26.4604 24.0252
4 132.75 0.00 137.25 0.00 101.25 0.00 96.75 0.00 0.0212197 31.5185 29.8015
4 150.75 0.00 164.25 0.00 83.25 0.00 69.75 0.00 0.00227869 191.83 181.342
4 164.25 0.00 177.75 0.00 69.75 0.00 56.25 0.00 0.000527059 1235.52 1284.4
4 123.75 0.00 128.25 0.00 110.25 0.00 105.75 0.00 1.04747 23.7686 22.1779
4 137.25 0.00 150.75 0.00 96.75 0.00 83.25 0.00 0.0160353 36.35 35.7319
4 123.75 0.00 137.25 0.00 110.25 0.00 96.75 0.00 2.19915 23.941 22.8931
4 119.25 0.00 123.75 0.00 114.75 0.00 110.25 0.00 13.9662 14.18 13.4865
4 150.75 0.00 159.75 0.00 87.75 0.00 78.75 0.00 0.00160918 119.689 134.453
4 123.75 0.00 132.75 0.00 114.75 0.00 105.75 0.00 5.78457 20.8929 19.89
4 141.75 0.00 150.75 0.00 96.75 0.00 87.75 0.00 0.0070883 -18.2733 7.53585
4 132.75 0.00 141.75 0.00 105.75 0.00 96.75 0.00 0.0918188 27.0634 26.7991
4 123.75 0.00 128.25 0.00 119.25 0.00 114.75 0.00 13.0438 13.9924 13.2825
4 132.75 0.00 137.25 0.00 110.25 0.00 105.75 0.00 0.134166 24.2698 22.6489
4 155.25 0.00 168.75 0.00 87.75 0.00 74.25 0.00 0.00215276 143.698 127.378
4 168.75 0.00 182.25 0.00 74.25 0.00 60.75 0.00 0.00159523 53.1534 95.1705
4 128.25 0.00 132.75 0.00 114.75 0.00 110.25 0.00 1.03542 22.6382 21.5337
4 137.25 0.00 141.75 0.00 105.75 0.00 101.25 0.00 0.0167159 49.9671 44.044
4 141.75 0.00 155.25 0.00 101.25 0.00 87.75 0.00 0.0172087 21.1048 34.3606
4 128.25 0.00 141.75 0.00 114.75 0.00 101.25 0.00 2.22261 24.0081 22.899
4 128.25 0.00 137.25 0.00 119.25 0.00 110.25 0.00 5.45281 20.4144 19.4618
4 155.25 0.00 164.25 0.00 92.25 0.00 83.25 0.00 0.00198334 138.966 99.5654
4 137.25 0.00 146.25 0.00 110.25 0.00 101.25 0.00 0.0949317 29.198 24.6061
4 146.25 0.00 155.25 0.00 101.25 0.00 92.25 0.00 0.00645893 57.988 46.8065
4 173.25 0.00 186.75 0.00 78.75 0.00 65.25 0.00 0.000613285 859.243 904.101
4 132.75 0.00 137.25 0.00 119.25 0.00 114.75 0.00 0.955008 22.4584 21.2299
4 137.25 0.00 141.75 0.00 114.75 0.00 110.25 0.00 0.116287 22.3548 20.5322
4 159.75 0.00 173.25 0.00 92.25 0.00 78.75 0.00 0.00226352 84.3915 76.4476
4 132.75 0.00 146.25 0.00 119.25 0.00 105.75 0.00 2.09687 24.6469 23.4665
4 146.25 0.00 159.75 0.00 105.75 0.00 92.25 0.00 0.0160453 34.5386 23.4613
4 128.25 0.00 132.75 0.00 123.75 0.00 119.25 0.00 13.2015 14.1536 13.4716
4 141.75 0.00 146.25 0.00 110.25 0.00 105.75 0.00 0.0216531 44.4326 34.6443
4 159.75 0.00 168.75 0.00 96.75 0.00 87.75 0.00 0.0014334 324.553 270.856
4 132.75 0.00 141.75 0.00 123.75 0.00 114.75 0.00 5.26483 20.5473 19.5884
4 141.75 0.00 150.75 0.00 114.75 0.00 105.75 0.00 0.105103 25.2645 27.0535
4 150.75 0.00 159.75 0.00 105.75 0.00 96.75 0.00 0.00620292 43.9537 48.0818
4 141.75 0.00 146.25 0.00 119.25 0.00 114.75 0.00 0.124906 29.7671 27.3903
4 164.25 0.00 177.75 0.00 96.75 0.00 83.25 0.00 0.00201617 220.262 233.369
4 177.75 0.00 191.25 0.00 83.25 0.00 69.75 0.00 0.000154277 1978.88 1146.03
4 137.25 0.00 141.75 0.00 123.75 0.00 119.25 0.00 0.870792 21.3506 20.555
4 146.25 0.00 150.75 0.00 114.75 0.00 110.25 0.00 0.0192964 44.6892 43.7079
4 137.25 0.00 150.75 0.00 123.75 0.00 110.25 0.00 1.9829 24.4947 23.3189
4 150.75 0.00 164.25 0.00 110.25 0.00 96.75 0.00 0.0172479 18.4333 14.703
4 132.75 0.00 137.25 0.00 128.25 0.00 123.75 0.00 13.017 14.3359 13.6329
4 137.25 0.00 146.25 0.00 128.25 0.00 119.25 0.00 5.03139 20.6242 19.5912
4 146.25 0.00 155.25 0.00 119.25 0.00 110.25 0.00 0.0920225 31.7435 29.9308
4 155.25 0.00 164.25 0.00 110.25 0.00 101.25 0.00 0.0063351 111.311 86.527
4 164.25 0.00 173.25 0.00 101.25 0.00 92.25 0.00 0.0016936 14.6303 37.0412
4 182.25 0.00 195.75 0.00 87.75 0.00 74.25 0.00 0.000351851 1945 2038.27
4 137.25 0.00 141.75 0.00 132.75 0.00 128.25 0.00 11.8448 13.2913 12.6616
4 146.25 0.00 150.75 0.00 123.75 0.00 119.25 0.00 0.115772 28.5691 27.5303
4 168.75 0.00 182.25 0.00 101.25 0.00 87.75 0.00 0.0030145 44.0867 55.6712
4 155.25 0.00 168.75 0.00 114.75 0.00 101.25 0.00 0.0156721 61.5337 48.8867
4 141.75 0.00 146.25 0.00 128.25 0.00 123.75 0.00 1.01418 23.7738 22.5958
4 150.75 0.00 155.25 0.00 119.25 0.00 114.75 0.00 0.0191208 33.0742 31.7101
4 141.75 0.00 155.25 0.00 128.25 0.00 114.75 0.00 2.14544 26.0445 24.9353
4 141.75 0.00 150.75 0.00 132.75 0.00 123.75 0.00 5.72378 22.1451 21.1415
4 150.75 0.00 159.75 0.00 123.75 0.00 114.75 0.00 0.0922343 28.734 27.4339
4 159.75 0.00 168.75 0.00 114.75 0.00 105.75 0.00 0.00624165 81.3796 60.4038
4 168.75 0.00 177.75 0.00 105.75 0.00 96.75 0.00 0.00138162 369.176 330.015
4 186.75 0.00 200.25 0.00 92.25 0.00 78.75 0.00 0.000173613 5055.86 5405.38
4 173.25 0.00 186.75 0.00 105.75 0.00 92.25 0.00 0.00201174 223.564 234.808
4 146.25 0.00 150.75 0.00 132.75 0.00 128.25 0.00 0.959997 23.6461 22.8353
4 146.25 0.00 159.75 0.00 132.75 0.00 119.25 0.00 2.07024 25.8291 24.4653
4 159.75 0.00 173.25 0.00 119.25 0.00 105.75 0.00 0.0153513 65.4441 47.8355
4 141.75 0.00 146.25 0.00 137.25 0.00 132.75 0.00 14.8177 15.6194 14.8487
4 155.25 0.00 159.75 0.00 123.75 0.00 119.25 0.00 0.0175992 36.9956 34.7193
4 150.75 0.00 155.25 0.00 128.25 0.00 123.75 0.00 0.119102 36.7033 34.1105
4 146.25 0.00 155.25 0.00 137.25 0.00 128.25 0.00 5.6057 21.77 20.6972
4 155.25 0.00 164.25 0.00 128.25 0.00 119.25 0.00 0.0872454 25.145 22.1918
4 164.25 0.00 173.25 0.00 119.25 0.00 110.25 0.00 0.00562552 37.2796 39.8177
4 173.25 0.00 182.25 0.00 110.25 0.00 101.25 0.00 0.000623901 935.064 848.897
4 146.25 0.00 150.75 0.00 141.75 0.00 137.25 0.00 12.7467 15.798 15.0591
4 164.25 0.00 177.75 0.00 123.75 0.00 110.25 0.00 0.0144685 72.0317 54.8099
4 177.75 0.00 191.25 0.00 110.25 0.00 96.75 0.00 0.000401504 -509.809 -618.9
4 150.75 0.00 155.25 0.00 137.25 0.00 132.75 0.00 1.05138 22.9328 22.0273
4 159.75 0.00 164.25 0.00 128.25 0.00 123.75 0.00 0.0179145 28.7306 28.8508
4 150.75 0.00 164.25 0.00 137.25 0.00 123.75 0.00 2.17773 25.2843 24.0345
4 155.25 0.00 159.75 0.00 132.75 0.00 128.25 0.00 0.113548 27.2271 25.8419
4 150.75 0.00 159.75 0.00 141.75 0.00 132.75 0.00 5.37853 21.7522 20.6748
4 159.75 0.00 168.75 0.00 132.75 0.00 123.75 0.00 0.0891885 31.7437 29.6612
4 168.75 0.00 177.75 0.00 123.75 0.00 114.75 0.00 0.00578785 91.2568 83.3251
4 177.75 0.00 186.75 0.00 114.75 0.00 105.75 0.00 0.00131682 115.173 150.331
4 182.25 0.00 195.75 0.00 114.75 0.00 101.25 0.00 0.00180683 200.335 237.646
4 155.25 0.00 159.75 0.00 141.75 0.00 137.25 0.00 0.861266 23.1569 22.1405
4 155.25 0.00 168.75 0.00 141.75 0.00 128.25 0.00 1.93227 25.0726 23.7695
4 168.75 0.00 182.25 0.00 128.25 0.00 114.75 0.00 0.0153369 3.53528 9.84317
4 164.25 0.00 168.75 0.00 132.75 0.00 128.25 0.00 0.017655 40.1093 38.7131
4 159.75 0.00 164.25 0.00 137.25 0.00 132.75 0.00 0.122301 28.1522 26.8495
4 150.75 0.00 155.25 0.00 146.25 0.00 141.75 0.00 14.929 16.6198 15.8204
4 164.25 0.00 173.25 0.00 137.25 0.00 128.25 0.00 0.0888379 25.8554 24.5244
4 173.25 0.00 182.25 0.00 128.25 0.00 119.25 0.00 0.00512958 94.4659 100.525
4 182.25 0.00 191.25 0.00 119.25 0.00 110.25 0.00 0.00151362 469.406 384.895
4 155.25 0.00 164.25 0.00 146.25 0.00 137.25 0.00 5.21225 22.75 21.5867
4 173.25 0.00 186.75 0.00 132.75 0.00 119.25 0.00 0.0138071 50.3365 51.6786
4 186.75 0.00 200.25 0.00 119.25 0.00 105.75 0.00 0.00180266 230.151 278.262
4 168.75 0.00 173.25 0.00 137.25 0.00 132.75 0.00 0.018505 35.1641 27.3932
4 159.75 0.00 164.25 0.00 146.25 0.00 141.75 0.00 0.969515 24.3272 23.3295
4 159.75 0.00 173.25 0.00 146.25 0.00 132.75 0.00 2.01788 25.9324 24.5681
4 155.25 0.00 159.75 0.00 150.75 0.00 146.25 0.00 12.8736 15.9677 15.1839
4 164.25 0.00 168.75 0.00 141.75 0.00 137.25 0.00 0.103062 27.5142 26.3865
4 159.75 0.00 168.75 0.00 150.75 0.00 141.75 0.00 5.16772 22.3797 21.2625
4 177.75 0.00 186.75 0.00 132.75 0.00 123.75 0.00 0.00556207 -0.222959 7.70448
4 186.75 0.00 195.75 0.00 123.75 0.00 114.75 0.00 0.00194917 298.425 296.148
4 168.75 0.00 177.75 0.00 141.75 0.00 132.75 0.00 0.084081 30.5281 30.1982
4 168.75 0.00 173.25 0.00 146.25 0.00 141.75 0.00 0.111815 29.9695 27.924
4 164.25 0.00 168.75 0.00 150.75 0.00 146.25 0.00 0.856172 23.3204 22.3636
4 177.75 0.00 191.25 0.00 137.25 0.00 123.75 0.00 0.0133632 17.1334 23.5006
4 164.25 0.00 177.75 0.00 150.75 0.00 137.25 0.00 1.87208 26.0428 24.6158
4 159.75 0.00 164.25 0.00 155.25 0.00 150.75 0.00 14.0597 15.3918 14.6384
4 173.25 0.00 177.75 0.00 141.75 0.00 137.25 0.00 0.0166472 45.7926 42.5628
4 164.25 0.00 173.25 0.00 155.25 0.00 146.25 0.00 5.08081 21.6023 20.5325
4 182.25 0.00 191.25 0.00 137.25 0.00 128.25 0.00 0.00494914 97.566 82.2999
4 173.25 0.00 182.25 0.00 146.25 0.00 137.25 0.00 0.0887839 32.2266 32.684
4 191.25 0.00 200.25 0.00 128.25 0.00 119.25 0.00 -0.000244228 -2508.59 -2325.33
4 168.75 0.00 173.25 0.00 155.25 0.00 150.75 0.00 0.888179 24.0808 22.9174
4 177.75 0.00 182.25 0.00 146.25 0.00 141.75 0.00 0.0193384 28.8993 28.9732
4 182.25 0.00 195.75 0.00 141.75 0.00 128.25 0.00 0.0117151 84.0346 74.6116
4 168.75 0.00 182.25 0.00 155.25 0.00 141.75 0.00 1.93156 26.4828 25.1896
4 164.25 0.00 168.75 0.00 159.75 0.00 155.25 0.00 14.2354 13.09 12.4505
4 173.25 0.00 177.75 0.00 150.75 0.00 146.25 0.00 0.108474 30.7027 28.8574
4 186.75 0.00 195.75 0.00 141.75 0.00 132.75 0.00 0.00518378 83.0875 85.0779
4 168.75 0.00 177.75 0.00 159.75 0.00 150.75 0.00 5.10419 20.9663 19.97
4 177.75 0.00 186.75 0.00 150.75 0.00 141.75 0.00 0.0835761 33.2321 31.88
4 186.75 0.00 200.25 0.00 146.25 0.00 132.75 0.00 0.011224 92.9326 83.7978
4 173.25 0.00 186.75 0.00 159.75 0.00 146.25 0.00 1.9701 26.1148 24.8362
4 168.75 0.00 173.25 0.00 164.25 0.00 159.75 0.00 13.5697 12.6038 11.9914
4 182.25 0.00 186.75 0.00 150.75 0.00 146.25 0.00 0.0145865 39.5446 32.2469
4 173.25 0.00 177.75 0.00 159.75 0.00 155.25 0.00 0.915163 23.4035 22.1466
4 177.75 0.00 182.25 0.00 155.25 0.00 150.75 0.00 0.118433 34.6579 32.7316
4 173.25 0.00 182.25 0.00 164.25 0.00 155.25 0.00 5.15594 20.8167 19.8655
4 182.25 0.00 191.25 0.00 155.25 0.00 146.25 0.00 0.0712666 37.4302 34.622
4 191.25 0.00 200.25 0.00 146.25 0.00 137.25 0.00 0.0041933 90.9113 90.2453
4 177.75 0.00 182.25 0.00 164.25 0.00 159.75 0.00 0.950009 23.3814 22.1377
4 177.75 0.00 191.25 0.00 164.25 0.00 150.75 0.00 1.9225 25.4948 24.3012
4 173.25 0.00 177.75 0.00 168.75 0.00 164.25 0.00 13.668 14.9487 14.1977
4 186.75 0.00 191.25 0.00 155.25 0.00 150.75 0.00 0.0135968 46.3782 38.0364
4 182.25 0.00 186.75 0.00 159.75 0.00 155.25 0.00 0.0966415 30.1138 28.0669
4 186.75 0.00 195.75 0.00 159.75 0.00 150.75 0.00 0.0667612 28.6487 31.3859
4 177.75 0.00 186.75 0.00 168.75 0.00 159.75 0.00 5.28749 21.9719 20.9003
4 177.75 0.00 182.25 0.00 173.25 0.00 168.75 0.00 13.1621 16.2351 15.4299
4 182.25 0.00 186.75 0.00 168.75 0.00 164.25 0.00 0.821194 23.5764 22.3421
4 191.25 0.00 195.75 0.00 159.75 0.00 155.25 0.00 0.0130939 48.495 41.6743
4 182.25 0.00 195.75 0.00 168.75 0.00 155.25 0.00 1.6728 25.5058 24.1913
4 186.75 0.00 191.25 0.00 164.25 0.00 159.75 0.00 0.0850923 28.4809 26.723
4 182.25 0.00 191.25 0.00 173.25 0.00 164.25 0.00 4.4544 21.8986 20.8264
4 191.25 0.00 200.25 0.00 164.25 0.00 155.25 0.00 0.0610653 34.0976 32.9068
4 186.75 0.00 200.25 0.00 173.25 0.00 159.75 0.00 1.49919 25.4182 24.1554
4 182.25 0.00 186.75 0.00 177.75 0.00 173.25 0.00 13.6401 16.6378 15.7992
4 195.75 0.00 200.25 0.00 164.25 0.00 159.75 0.00 0.0113345 65.4808 49.6639
4 191.25 0.00 195.75 0.00 168.75 0.00 164.25 0.00 0.0844284 28.8302 27.0364
4 186.75 0.00 191.25 0.00 173.25 0.00 168.75 0.00 0.714464 23.8591 22.3182
4 186.75 0.00 195.75 0.00 177.75 0.00 168.75 0.00 4.42473 22.2942 21.3076
4 191.25 0.00 195.75 0.00 177.75 0.00 173.25 0.00 0.776057 24.0816 23.0663
4 186.75 0.00 191.25 0.00 182.25 0.00 177.75 0.00 14.2814 17.1758 16.297
4 195.75 0.00 200.25 0.00 173.25 0.00 168.75 0.00 0.0713809 29.3585 26.4418
4 191.25 0.00 200.25 0.00 182.25 0.00 173.25 0.00 4.91895 22.7538 21.6519
4 191.25 0.00 195.75 0.00 186.75 0.00 182.25 0.00 15.5535 17.6321 16.7702
4 195.75 0.00 200.25 0.00 182.25 0.00 177.75 0.00 0.798297 24.5815 23.0822
4 195.75 0.00 200.25 0.00 191.25 0.00 186.75 0.00 16.796 0.018415 0.0174928
0
0
0
0
0
0
0
0
