38
# x y z
0	0	108.8
1.5692	0	110.04
3.13841	0	111.28
4.70761	0	112.52
6.27681	0	113.76
7.84602	0	115
9.41522	0	116.24
10.9844	0	117.48
12.5536	0	118.72
14.1228	0	119.96
15.692	0	121.2
17.692	0	121.2
19.692	0	121.2
21.692	0	121.2
23.692	0	121.2
25.692	0	121.2
27.692	0	121.2
29.692	0	121.2
31.692	0	121.2
33.452	0	120.25
35.212	0	119.3
37.212	0	119.3
39.212	0	119.3
41.212	0	119.3
43.1405	0	118.77
44.8365	0	117.71
46.5325	0	116.65
48.2285	0	115.59
49.9245	0	114.53
51.853	0	114
53.853	0	114
55.853	0	114
57.853	0	114
59.5167	0	112.89
61.1804	0	111.78
62.8441	0	110.67
64.5078	0	109.56
66.1715	0	108.45
222
# a b m n err i ip iperr k r rhoa u valid 
1	4	2	3	3.00611206049432e-02	0.00000000000000e+00	0.00000000000000e+00	0.00000000000000e+00	1.38172083745743e+01	1.18411000000000e+00	1.63610946084172e+01	0.00000000000000e+00	1
2	5	3	4	3.00509775389014e-02	0.00000000000000e+00	0.00000000000000e+00	0.00000000000000e+00	1.26674001374604e+01	1.54858000000000e+00	1.96164825048684e+01	0.00000000000000e+00	1
3	6	4	5	3.00491038056127e-02	0.00000000000000e+00	0.00000000000000e+00	0.00000000000000e+00	1.25694484251896e+01	1.62020000000000e+00	2.03650203384922e+01	0.00000000000000e+00	1
4	7	5	6	3.00422318837797e-02	0.00000000000000e+00	0.00000000000000e+00	0.00000000000000e+00	1.25976485643074e+01	1.87962000000000e+00	2.36787921944435e+01	0.00000000000000e+00	1
5	8	6	7	3.00424840076937e-02	0.00000000000000e+00	0.00000000000000e+00	0.00000000000000e+00	1.25388306012555e+01	1.87723000000000e+00	2.35382689695948e+01	0.00000000000000e+00	1
6	9	7	8	3.00453417766616e-02	0.00000000000000e+00	0.00000000000000e+00	0.00000000000000e+00	1.25293088146803e+01	1.76025000000000e+00	2.20547158410411e+01	0.00000000000000e+00	1
7	10	8	9	3.00429304665110e-02	0.00000000000000e+00	0.00000000000000e+00	0.00000000000000e+00	1.24136561043116e+01	1.87644000000000e+00	2.32934808603744e+01	0.00000000000000e+00	1
8	11	9	10	3.00482532109708e-02	0.00000000000000e+00	0.00000000000000e+00	0.00000000000000e+00	1.12010774340007e+01	1.85018000000000e+00	2.07240094468393e+01	0.00000000000000e+00	1
9	12	10	11	3.00345599373170e-02	0.00000000000000e+00	0.00000000000000e+00	0.00000000000000e+00	1.27136444454498e+01	2.27592000000000e+00	2.89352376662882e+01	0.00000000000000e+00	1
10	13	11	12	3.00441668310872e-02	0.00000000000000e+00	0.00000000000000e+00	0.00000000000000e+00	1.27017767601671e+01	1.78254000000000e+00	2.26414251460683e+01	0.00000000000000e+00	1
11	14	12	13	3.00628735992055e-02	0.00000000000000e+00	0.00000000000000e+00	0.00000000000000e+00	1.12033352430015e+01	1.41966000000000e+00	1.59049269110795e+01	0.00000000000000e+00	1
12	15	13	14	3.00429623127242e-02	0.00000000000000e+00	0.00000000000000e+00	0.00000000000000e+00	1.24044543664499e+01	1.87644000000000e+00	2.32762143513813e+01	0.00000000000000e+00	1
13	16	14	15	3.00531012897382e-02	0.00000000000000e+00	0.00000000000000e+00	0.00000000000000e+00	1.25078435369323e+01	1.50561000000000e+00	1.88319343076406e+01	0.00000000000000e+00	1
14	17	15	16	3.00485306893011e-02	0.00000000000000e+00	0.00000000000000e+00	0.00000000000000e+00	1.25271408475682e+01	1.64487000000000e+00	2.06055181659396e+01	0.00000000000000e+00	1
15	18	16	17	3.00564518877868e-02	0.00000000000000e+00	0.00000000000000e+00	0.00000000000000e+00	1.24638166806338e+01	1.42125000000000e+00	1.77141994573507e+01	0.00000000000000e+00	1
16	19	17	18	3.00476227720866e-02	0.00000000000000e+00	0.00000000000000e+00	0.00000000000000e+00	1.16089991366019e+01	1.80880000000000e+00	2.09983576382856e+01	0.00000000000000e+00	1
17	20	18	19	3.00867982175726e-02	0.00000000000000e+00	0.00000000000000e+00	0.00000000000000e+00	1.27332281630105e+01	9.04796000000000e-01	1.15209739089792e+01	0.00000000000000e+00	1
18	21	19	20	3.00367634809876e-02	0.00000000000000e+00	0.00000000000000e+00	0.00000000000000e+00	1.34045456928783e+01	2.02923000000000e+00	2.72009062563593e+01	0.00000000000000e+00	1
19	22	20	21	3.00549874393874e-02	0.00000000000000e+00	0.00000000000000e+00	0.00000000000000e+00	1.14955571421837e+01	1.58200000000000e+00	1.81859713989346e+01	0.00000000000000e+00	1
20	23	21	22	3.00392914645560e-02	0.00000000000000e+00	0.00000000000000e+00	0.00000000000000e+00	1.23675549013522e+01	2.05787000000000e+00	2.54508202048457e+01	0.00000000000000e+00	1
21	24	22	23	3.00380223101865e-02	0.00000000000000e+00	0.00000000000000e+00	0.00000000000000e+00	1.27115616994129e+01	2.06901000000000e+00	2.63003482717023e+01	0.00000000000000e+00	1
22	25	23	24	3.00458130120402e-02	0.00000000000000e+00	0.00000000000000e+00	0.00000000000000e+00	1.20729312590919e+01	1.80800000000000e+00	2.18278597164381e+01	0.00000000000000e+00	1
23	26	24	25	3.00413305317660e-02	0.00000000000000e+00	0.00000000000000e+00	0.00000000000000e+00	1.27375946078003e+01	1.89951000000000e+00	2.41951883334628e+01	0.00000000000000e+00	1
24	27	25	26	3.00437955396034e-02	0.00000000000000e+00	0.00000000000000e+00	0.00000000000000e+00	1.20814067373933e+01	1.88996000000000e+00	2.28333754774038e+01	0.00000000000000e+00	1
25	28	26	27	3.00489660898978e-02	0.00000000000000e+00	0.00000000000000e+00	0.00000000000000e+00	1.20090889352169e+01	1.70057000000000e+00	2.04222963705619e+01	0.00000000000000e+00	1
26	29	27	28	3.00335192908236e-02	0.00000000000000e+00	0.00000000000000e+00	0.00000000000000e+00	1.30173558876697e+01	2.29183000000000e+00	2.98335667440380e+01	0.00000000000000e+00	1
27	30	28	29	3.00399898956586e-02	0.00000000000000e+00	0.00000000000000e+00	0.00000000000000e+00	1.29529495786372e+01	1.93055000000000e+00	2.50063168090380e+01	0.00000000000000e+00	1
28	31	29	30	3.00298669136117e-02	0.00000000000000e+00	0.00000000000000e+00	0.00000000000000e+00	1.25408701787809e+01	2.66982000000000e+00	3.34818660207129e+01	0.00000000000000e+00	1
29	32	30	31	3.00499429778813e-02	0.00000000000000e+00	0.00000000000000e+00	0.00000000000000e+00	1.28702963794507e+01	1.55574000000000e+00	2.00228348893667e+01	0.00000000000000e+00	1
30	33	31	32	3.00333677061878e-02	0.00000000000000e+00	0.00000000000000e+00	0.00000000000000e+00	1.17798884074305e+01	2.54409000000000e+00	2.99690962984599e+01	0.00000000000000e+00	1
31	34	32	33	3.00815876061369e-02	0.00000000000000e+00	0.00000000000000e+00	0.00000000000000e+00	1.27397001392817e+01	9.62092000000000e-01	1.22567635864018e+01	0.00000000000000e+00	1
32	35	33	34	3.00397418607216e-02	0.00000000000000e+00	0.00000000000000e+00	0.00000000000000e+00	1.26987832315460e+01	1.98148000000000e+00	2.51623849976438e+01	0.00000000000000e+00	1
33	36	34	35	3.00573433861620e-02	0.00000000000000e+00	0.00000000000000e+00	0.00000000000000e+00	1.14255406832353e+01	1.52630000000000e+00	1.74388027448221e+01	0.00000000000000e+00	1
34	37	35	36	3.00420064615021e-02	0.00000000000000e+00	0.00000000000000e+00	0.00000000000000e+00	1.25273567943804e+01	1.90031000000000e+00	2.38058613899289e+01	0.00000000000000e+00	1
35	38	36	37	3.00315393843681e-02	0.00000000000000e+00	0.00000000000000e+00	0.00000000000000e+00	1.36684324259950e+01	2.31968000000000e+00	3.17063893299320e+01	0.00000000000000e+00	1
1	7	3	5	3.00685233227399e-02	0.00000000000000e+00	0.00000000000000e+00	0.00000000000000e+00	2.73102204992712e+01	5.34363000000000e-01	1.45935713566521e+01	0.00000000000000e+00	1
2	8	4	6	3.00558836240713e-02	0.00000000000000e+00	0.00000000000000e+00	0.00000000000000e+00	2.53513906711987e+01	7.05852000000000e-01	1.78943298080470e+01	0.00000000000000e+00	1
3	9	5	7	3.00602574905956e-02	0.00000000000000e+00	0.00000000000000e+00	0.00000000000000e+00	2.49753896936743e+01	6.64472000000000e-01	1.65954471405351e+01	0.00000000000000e+00	1
4	10	6	8	3.00664600604728e-02	0.00000000000000e+00	0.00000000000000e+00	0.00000000000000e+00	2.44924307256537e+01	6.14338000000000e-01	1.50466309071366e+01	0.00000000000000e+00	1
5	11	7	9	3.00819918847546e-02	0.00000000000000e+00	0.00000000000000e+00	0.00000000000000e+00	2.24233496927395e+01	5.43912000000000e-01	1.21963289780774e+01	0.00000000000000e+00	1
6	12	8	10	3.00750065718424e-02	0.00000000000000e+00	0.00000000000000e+00	0.00000000000000e+00	2.05819200417365e+01	6.47761000000000e-01	1.33321651081553e+01	0.00000000000000e+00	1
7	13	9	11	3.00391273058900e-02	0.00000000000000e+00	0.00000000000000e+00	0.00000000000000e+00	2.54087041499113e+01	1.00586000000000e+00	2.55575991562297e+01	0.00000000000000e+00	1
8	14	10	12	3.00432905312737e-02	0.00000000000000e+00	0.00000000000000e+00	0.00000000000000e+00	3.02532389796794e+01	7.63546000000000e-01	2.30997396099783e+01	0.00000000000000e+00	1
9	15	11	13	3.00872155564864e-02	0.00000000000000e+00	0.00000000000000e+00	0.00000000000000e+00	2.53892684283317e+01	4.51602000000000e-01	1.14658444007714e+01	0.00000000000000e+00	1
10	16	12	14	3.01104521460961e-02	0.00000000000000e+00	0.00000000000000e+00	0.00000000000000e+00	2.05364858425270e+01	4.40859000000000e-01	9.05369461205061e+00	0.00000000000000e+00	1
11	17	13	15	3.00643158311085e-02	0.00000000000000e+00	0.00000000000000e+00	0.00000000000000e+00	2.22915244661424e+01	6.97497000000000e-01	1.55482714405610e+01	0.00000000000000e+00	1
12	18	14	16	3.00745018150744e-02	0.00000000000000e+00	0.00000000000000e+00	0.00000000000000e+00	2.40788098705122e+01	5.57440000000000e-01	1.34224917742183e+01	0.00000000000000e+00	1
13	19	15	17	3.00808737556702e-02	0.00000000000000e+00	0.00000000000000e+00	0.00000000000000e+00	2.30709177987565e+01	5.35954000000000e-01	1.23649506779148e+01	0.00000000000000e+00	1
14	20	16	18	3.00923888245517e-02	0.00000000000000e+00	0.00000000000000e+00	0.00000000000000e+00	2.20268989962588e+01	4.91391000000000e-01	1.08238199246706e+01	0.00000000000000e+00	1
15	21	17	19	3.00980984515063e-02	0.00000000000000e+00	0.00000000000000e+00	0.00000000000000e+00	2.69683322884115e+01	3.77993000000000e-01	1.01938408266935e+01	0.00000000000000e+00	1
16	22	18	20	3.00645803580151e-02	0.00000000000000e+00	0.00000000000000e+00	0.00000000000000e+00	3.13341488334582e+01	4.94176000000000e-01	1.54845843339230e+01	0.00000000000000e+00	1
17	23	19	21	3.00534744869864e-02	0.00000000000000e+00	0.00000000000000e+00	0.00000000000000e+00	2.45428289102162e+01	7.61954000000000e-01	1.87005066594549e+01	0.00000000000000e+00	1
18	24	20	22	3.00570658711325e-02	0.00000000000000e+00	0.00000000000000e+00	0.00000000000000e+00	1.91485342397736e+01	9.15141000000000e-01	1.75236087727206e+01	0.00000000000000e+00	1
19	25	21	23	3.00564217926812e-02	0.00000000000000e+00	0.00000000000000e+00	0.00000000000000e+00	2.07376110367524e+01	8.54662000000000e-01	1.77236481238928e+01	0.00000000000000e+00	1
20	26	22	24	3.00525292316526e-02	0.00000000000000e+00	0.00000000000000e+00	0.00000000000000e+00	2.51024487438565e+01	7.58373000000000e-01	1.90370193612247e+01	0.00000000000000e+00	1
21	27	23	25	3.00460054038170e-02	0.00000000000000e+00	0.00000000000000e+00	0.00000000000000e+00	2.86470844906034e+01	7.58771000000000e-01	2.17365769460197e+01	0.00000000000000e+00	1
22	28	24	26	3.00453850437975e-02	0.00000000000000e+00	0.00000000000000e+00	0.00000000000000e+00	2.76330948594768e+01	7.97366000000000e-01	2.20336903157215e+01	0.00000000000000e+00	1
23	29	25	27	3.00462321790123e-02	0.00000000000000e+00	0.00000000000000e+00	0.00000000000000e+00	2.44213947288265e+01	8.85697000000000e-01	2.16299560471374e+01	0.00000000000000e+00	1
24	30	26	28	3.00494080685765e-02	0.00000000000000e+00	0.00000000000000e+00	0.00000000000000e+00	2.41193516415216e+01	8.39144000000000e-01	2.02396092138730e+01	0.00000000000000e+00	1
25	31	27	29	3.00458635600314e-02	0.00000000000000e+00	0.00000000000000e+00	0.00000000000000e+00	2.47734729121625e+01	8.80127000000000e-01	2.18038023937628e+01	0.00000000000000e+00	1
26	32	28	30	3.00464521144785e-02	0.00000000000000e+00	0.00000000000000e+00	0.00000000000000e+00	2.29646011753714e+01	9.37423000000000e-01	2.15275453276202e+01	0.00000000000000e+00	1
27	33	29	31	3.00574380744792e-02	0.00000000000000e+00	0.00000000000000e+00	0.00000000000000e+00	2.15335852096898e+01	8.08507000000000e-01	1.74100543771307e+01	0.00000000000000e+00	1
28	34	30	32	3.00695884842979e-02	0.00000000000000e+00	0.00000000000000e+00	0.00000000000000e+00	2.20624398847258e+01	6.51342000000000e-01	1.43701937193971e+01	0.00000000000000e+00	1
29	35	31	33	3.00747120985684e-02	0.00000000000000e+00	0.00000000000000e+00	0.00000000000000e+00	2.76640253324350e+01	4.83831000000000e-01	1.33847130406174e+01	0.00000000000000e+00	1
30	36	32	34	3.00657942662940e-02	0.00000000000000e+00	0.00000000000000e+00	0.00000000000000e+00	3.08305228103423e+01	4.92982000000000e-01	1.51988927960882e+01	0.00000000000000e+00	1
31	37	33	35	3.00757136017745e-02	0.00000000000000e+00	0.00000000000000e+00	0.00000000000000e+00	2.58927144061733e+01	5.10092000000000e-01	1.32076664768738e+01	0.00000000000000e+00	1
32	38	34	36	3.00600892115164e-02	0.00000000000000e+00	0.00000000000000e+00	0.00000000000000e+00	2.26943765372141e+01	7.33306000000000e-01	1.66419224809983e+01	0.00000000000000e+00	1
1	10	4	7	3.00674745571109e-02	0.00000000000000e+00	0.00000000000000e+00	0.00000000000000e+00	3.92356433562283e+01	3.77728000000000e-01	1.48204010936614e+01	0.00000000000000e+00	1
2	11	5	8	3.00957977052631e-02	0.00000000000000e+00	0.00000000000000e+00	0.00000000000000e+00	3.42496059569578e+01	3.04782000000000e-01	1.04386634027735e+01	0.00000000000000e+00	1
3	12	6	9	3.01198238718751e-02	0.00000000000000e+00	0.00000000000000e+00	0.00000000000000e+00	3.10582993057223e+01	2.68707000000000e-01	8.34558243154271e+00	0.00000000000000e+00	1
4	13	7	10	3.00963622370476e-02	0.00000000000000e+00	0.00000000000000e+00	0.00000000000000e+00	3.19365952111014e+01	3.24941000000000e-01	1.03775091844905e+01	0.00000000000000e+00	1
5	14	8	11	3.00583541188027e-02	0.00000000000000e+00	0.00000000000000e+00	0.00000000000000e+00	3.82046026676699e+01	4.48552000000000e-01	1.71367509357887e+01	0.00000000000000e+00	1
6	15	9	12	3.00523182866783e-02	0.00000000000000e+00	0.00000000000000e+00	0.00000000000000e+00	4.47560231098074e+01	4.27066000000000e-01	1.91137757654130e+01	0.00000000000000e+00	1
7	16	10	13	3.00616253201012e-02	0.00000000000000e+00	0.00000000000000e+00	0.00000000000000e+00	4.46530479530421e+01	3.63404000000000e-01	1.62270962383273e+01	0.00000000000000e+00	1
8	17	11	14	3.01073868701276e-02	0.00000000000000e+00	0.00000000000000e+00	0.00000000000000e+00	3.79113434945898e+01	2.45629000000000e-01	9.31212539123259e+00	0.00000000000000e+00	1
9	18	12	15	3.01432685409777e-02	0.00000000000000e+00	0.00000000000000e+00	0.00000000000000e+00	3.13630045005253e+01	2.22552000000000e-01	6.97989937760091e+00	0.00000000000000e+00	1
10	19	13	16	3.01084612052106e-02	0.00000000000000e+00	0.00000000000000e+00	0.00000000000000e+00	2.91839672463598e+01	3.15923000000000e-01	9.21988648437172e+00	0.00000000000000e+00	1
11	20	14	17	3.00963907022687e-02	0.00000000000000e+00	0.00000000000000e+00	0.00000000000000e+00	3.02246932017407e+01	3.43244000000000e-01	1.03744445933383e+01	0.00000000000000e+00	1
12	21	15	18	3.00936201289735e-02	0.00000000000000e+00	0.00000000000000e+00	0.00000000000000e+00	3.46541984930779e+01	3.08230000000000e-01	1.06814636015214e+01	0.00000000000000e+00	1
13	22	16	19	3.01095212326891e-02	0.00000000000000e+00	0.00000000000000e+00	0.00000000000000e+00	4.13722540386985e+01	2.20695000000000e-01	9.13064960507057e+00	0.00000000000000e+00	1
14	23	17	20	3.00809008639337e-02	0.00000000000000e+00	0.00000000000000e+00	0.00000000000000e+00	4.49364620662213e+01	2.75073000000000e-01	1.23608074299417e+01	0.00000000000000e+00	1
15	24	18	21	3.00643557888917e-02	0.00000000000000e+00	0.00000000000000e+00	0.00000000000000e+00	3.91834237210535e+01	3.96561000000000e-01	1.55386176942447e+01	0.00000000000000e+00	1
16	25	19	22	3.00547796063939e-02	0.00000000000000e+00	0.00000000000000e+00	0.00000000000000e+00	3.07642259684315e+01	5.93383000000000e-01	1.82549686978258e+01	0.00000000000000e+00	1
17	26	20	23	3.00572726311448e-02	0.00000000000000e+00	0.00000000000000e+00	0.00000000000000e+00	2.71550963258773e+01	6.42986000000000e-01	1.74603467661905e+01	0.00000000000000e+00	1
18	27	21	24	3.00587802458344e-02	0.00000000000000e+00	0.00000000000000e+00	0.00000000000000e+00	3.12247965732548e+01	5.44840000000000e-01	1.70125181649721e+01	0.00000000000000e+00	1
19	28	22	25	3.00687978598276e-02	0.00000000000000e+00	0.00000000000000e+00	0.00000000000000e+00	4.15128073373334e+01	3.50141000000000e-01	1.45353358739013e+01	0.00000000000000e+00	1
20	29	23	26	3.00598554595091e-02	0.00000000000000e+00	0.00000000000000e+00	0.00000000000000e+00	4.92058567807002e+01	3.39531000000000e-01	1.67069137586079e+01	0.00000000000000e+00	1
21	30	24	27	3.00622016833614e-02	0.00000000000000e+00	0.00000000000000e+00	0.00000000000000e+00	4.71289899867096e+01	3.41122000000000e-01	1.60767353222464e+01	0.00000000000000e+00	1
22	31	25	28	3.00514782891727e-02	0.00000000000000e+00	0.00000000000000e+00	0.00000000000000e+00	3.92881354808871e+01	4.94441000000000e-01	1.94256649953053e+01	0.00000000000000e+00	1
23	32	26	29	3.00491567242016e-02	0.00000000000000e+00	0.00000000000000e+00	0.00000000000000e+00	3.31854789536253e+01	6.13012000000000e-01	2.03430968243197e+01	0.00000000000000e+00	1
24	33	27	30	3.00464298607830e-02	0.00000000000000e+00	0.00000000000000e+00	0.00000000000000e+00	2.93443375297215e+01	7.33970000000000e-01	2.15378634166897e+01	0.00000000000000e+00	1
25	34	28	31	3.00655009468504e-02	0.00000000000000e+00	0.00000000000000e+00	0.00000000000000e+00	2.77641574116559e+01	5.49880000000000e-01	1.52669548775213e+01	0.00000000000000e+00	1
26	35	29	32	3.00658795998479e-02	0.00000000000000e+00	0.00000000000000e+00	0.00000000000000e+00	3.05358860448456e+01	4.97094000000000e-01	1.51792057375765e+01	0.00000000000000e+00	1
27	36	30	33	3.01048248491365e-02	0.00000000000000e+00	0.00000000000000e+00	0.00000000000000e+00	3.95642118795000e+01	2.41120000000000e-01	9.53972276838503e+00	0.00000000000000e+00	1
28	37	31	34	3.00970210051895e-02	0.00000000000000e+00	0.00000000000000e+00	0.00000000000000e+00	4.94359349075218e+01	2.08493000000000e-01	1.03070463766740e+01	0.00000000000000e+00	1
29	38	32	35	3.00887742292103e-02	0.00000000000000e+00	0.00000000000000e+00	0.00000000000000e+00	5.23629644232647e+01	2.15124000000000e-01	1.12645303585904e+01	0.00000000000000e+00	1
1	13	5	9	3.01140255236845e-02	0.00000000000000e+00	0.00000000000000e+00	0.00000000000000e+00	4.38634291607222e+01	1.99938000000000e-01	8.76996629953648e+00	0.00000000000000e+00	1
2	14	6	10	3.00999865027209e-02	0.00000000000000e+00	0.00000000000000e+00	0.00000000000000e+00	4.44101788161487e+01	2.25204000000000e-01	1.00013499101119e+01	0.00000000000000e+00	1
3	15	7	11	3.00840651425014e-02	0.00000000000000e+00	0.00000000000000e+00	0.00000000000000e+00	5.12809389438920e+01	2.31968000000000e-01	1.18955368449367e+01	0.00000000000000e+00	1
4	16	8	12	3.00778230297646e-02	0.00000000000000e+00	0.00000000000000e+00	0.00000000000000e+00	5.86111166794248e+01	2.19236000000000e-01	1.28496667763304e+01	0.00000000000000e+00	1
5	17	9	13	3.00767673885192e-02	0.00000000000000e+00	0.00000000000000e+00	0.00000000000000e+00	6.02369675243451e+01	2.16252000000000e-01	1.30263647010747e+01	0.00000000000000e+00	1
6	18	10	14	3.00827616222355e-02	0.00000000000000e+00	0.00000000000000e+00	0.00000000000000e+00	5.74601613192321e+01	2.10283000000000e-01	1.20828951026921e+01	0.00000000000000e+00	1
7	19	11	15	3.01228904036124e-02	0.00000000000000e+00	0.00000000000000e+00	0.00000000000000e+00	4.80078577441934e+01	1.69500000000000e-01	8.13733188764078e+00	0.00000000000000e+00	1
8	20	12	16	3.01499181331447e-02	0.00000000000000e+00	0.00000000000000e+00	0.00000000000000e+00	3.98201143834451e+01	1.67511000000000e-01	6.67030718048527e+00	0.00000000000000e+00	1
9	21	13	17	3.01305014431325e-02	0.00000000000000e+00	0.00000000000000e+00	0.00000000000000e+00	3.91036462064743e+01	1.95960000000000e-01	7.66275051062069e+00	0.00000000000000e+00	1
10	22	14	18	3.01265869327129e-02	0.00000000000000e+00	0.00000000000000e+00	0.00000000000000e+00	4.20192845824404e+01	1.88002000000000e-01	7.89970954006795e+00	0.00000000000000e+00	1
11	23	15	19	3.01069417371846e-02	0.00000000000000e+00	0.00000000000000e+00	0.00000000000000e+00	4.91146340646838e+01	1.90389000000000e-01	9.35088606494109e+00	0.00000000000000e+00	1
12	24	16	20	3.00889391965615e-02	0.00000000000000e+00	0.00000000000000e+00	0.00000000000000e+00	5.44475484090612e+01	2.06504000000000e-01	1.12436365366648e+01	0.00000000000000e+00	1
13	25	17	21	3.00719314755234e-02	0.00000000000000e+00	0.00000000000000e+00	0.00000000000000e+00	4.91418106080444e+01	2.82898000000000e-01	1.39021199373946e+01	0.00000000000000e+00	1
14	26	18	22	3.00593392697663e-02	0.00000000000000e+00	0.00000000000000e+00	0.00000000000000e+00	4.31526876039917e+01	3.90526000000000e-01	1.68522464792365e+01	0.00000000000000e+00	1
15	27	19	23	3.00560632980136e-02	0.00000000000000e+00	0.00000000000000e+00	0.00000000000000e+00	4.02777952092087e+01	4.42849000000000e-01	1.78369813306028e+01	0.00000000000000e+00	1
16	28	20	24	3.00710600372993e-02	0.00000000000000e+00	0.00000000000000e+00	0.00000000000000e+00	4.03517935733664e+01	3.48748000000000e-01	1.40726073051244e+01	0.00000000000000e+00	1
17	29	21	25	3.00758395016260e-02	0.00000000000000e+00	0.00000000000000e+00	0.00000000000000e+00	4.81676170224683e+01	2.73747000000000e-01	1.31857406570496e+01	0.00000000000000e+00	1
18	30	22	26	3.01026849913522e-02	0.00000000000000e+00	0.00000000000000e+00	0.00000000000000e+00	5.96964552996160e+01	1.63134000000000e-01	9.73852153884756e+00	0.00000000000000e+00	1
19	31	23	27	3.01158600761679e-02	0.00000000000000e+00	0.00000000000000e+00	0.00000000000000e+00	6.56347495373153e+01	1.31502000000000e-01	8.63110083365603e+00	0.00000000000000e+00	1
20	32	24	28	3.00867582435798e-02	0.00000000000000e+00	0.00000000000000e+00	0.00000000000000e+00	6.24324678542000e+01	1.84620000000000e-01	1.15262822152424e+01	0.00000000000000e+00	1
21	33	25	29	3.00674064778381e-02	0.00000000000000e+00	0.00000000000000e+00	0.00000000000000e+00	4.84225745074489e+01	3.06373000000000e-01	1.48353694195706e+01	0.00000000000000e+00	1
22	34	26	30	3.00547421491821e-02	0.00000000000000e+00	0.00000000000000e+00	0.00000000000000e+00	3.73261591732608e+01	4.89401000000000e-01	1.82674596255530e+01	0.00000000000000e+00	1
23	35	27	31	3.00586914050562e-02	0.00000000000000e+00	0.00000000000000e+00	0.00000000000000e+00	3.46735489606405e+01	4.91391000000000e-01	1.70382698973181e+01	0.00000000000000e+00	1
24	36	28	32	3.00697411784990e-02	0.00000000000000e+00	0.00000000000000e+00	0.00000000000000e+00	3.71325418282021e+01	3.86150000000000e-01	1.43387310269602e+01	0.00000000000000e+00	1
25	37	29	33	3.00763569463193e-02	0.00000000000000e+00	0.00000000000000e+00	0.00000000000000e+00	4.64242913547315e+01	2.82102000000000e-01	1.30963854397525e+01	0.00000000000000e+00	1
26	38	30	34	3.01186177422379e-02	0.00000000000000e+00	0.00000000000000e+00	0.00000000000000e+00	6.26863913925003e+01	1.34486000000000e-01	8.43044203281179e+00	0.00000000000000e+00	1
1	16	6	11	3.00941797847030e-02	0.00000000000000e+00	0.00000000000000e+00	0.00000000000000e+00	6.77997922883196e+01	1.56608000000000e-01	1.06179898706892e+01	0.00000000000000e+00	1
2	17	7	12	3.00878385295371e-02	0.00000000000000e+00	0.00000000000000e+00	0.00000000000000e+00	7.29908299857963e+01	1.55972000000000e-01	1.13845257345446e+01	0.00000000000000e+00	1
3	18	8	13	3.01001679671376e-02	0.00000000000000e+00	0.00000000000000e+00	0.00000000000000e+00	7.45857754027851e+01	1.33849000000000e-01	9.98323145188738e+00	0.00000000000000e+00	1
4	19	9	14	3.01007153303951e-02	0.00000000000000e+00	0.00000000000000e+00	0.00000000000000e+00	7.12975996419529e+01	1.39261000000000e-01	9.92897502373800e+00	0.00000000000000e+00	1
5	20	10	15	3.01091031661100e-02	0.00000000000000e+00	0.00000000000000e+00	0.00000000000000e+00	6.53679812025469e+01	1.40216000000000e-01	9.16563685229631e+00	0.00000000000000e+00	1
6	21	11	16	3.01376689453581e-02	0.00000000000000e+00	0.00000000000000e+00	0.00000000000000e+00	5.97381637743222e+01	1.21594000000000e-01	7.26380228597494e+00	0.00000000000000e+00	1
7	22	12	17	3.01506136587184e-02	0.00000000000000e+00	0.00000000000000e+00	0.00000000000000e+00	5.49632370268896e+01	1.20799000000000e-01	6.63950406961124e+00	0.00000000000000e+00	1
8	23	13	18	3.01382327400647e-02	0.00000000000000e+00	0.00000000000000e+00	0.00000000000000e+00	5.30380378658897e+01	1.36396000000000e-01	7.23417621275589e+00	0.00000000000000e+00	1
9	24	14	19	3.01427452829081e-02	0.00000000000000e+00	0.00000000000000e+00	0.00000000000000e+00	5.42077582734061e+01	1.29234000000000e-01	7.00548543270537e+00	0.00000000000000e+00	1
10	25	15	20	3.01113453920406e-02	0.00000000000000e+00	0.00000000000000e+00	0.00000000000000e+00	5.59818932701822e+01	1.60428000000000e-01	8.98106317354879e+00	0.00000000000000e+00	1
11	26	16	21	3.00780744253136e-02	0.00000000000000e+00	0.00000000000000e+00	0.00000000000000e+00	5.50456261649518e+01	2.32685000000000e-01	1.28082915241918e+01	0.00000000000000e+00	1
12	27	17	22	3.00643733516322e-02	0.00000000000000e+00	0.00000000000000e+00	0.00000000000000e+00	5.37475247862904e+01	2.89025000000000e-01	1.55343783513576e+01	0.00000000000000e+00	1
13	28	18	23	3.00700947452714e-02	0.00000000000000e+00	0.00000000000000e+00	0.00000000000000e+00	5.44253366741003e+01	2.62128000000000e-01	1.42664046517086e+01	0.00000000000000e+00	1
14	29	19	24	3.00764931382360e-02	0.00000000000000e+00	0.00000000000000e+00	0.00000000000000e+00	5.62991986898314e+01	2.32207000000000e-01	1.30730680301697e+01	0.00000000000000e+00	1
15	30	20	25	3.01120026583528e-02	0.00000000000000e+00	0.00000000000000e+00	0.00000000000000e+00	5.96791539867438e+01	1.49606000000000e-01	8.92835951134079e+00	0.00000000000000e+00	1
16	31	21	26	3.01181019075442e-02	0.00000000000000e+00	0.00000000000000e+00	0.00000000000000e+00	6.69200789177080e+01	1.26528000000000e-01	8.46726374529976e+00	0.00000000000000e+00	1
17	32	22	27	3.01261110686225e-02	0.00000000000000e+00	0.00000000000000e+00	0.00000000000000e+00	7.28400919519005e+01	1.08862000000000e-01	7.92951809006779e+00	0.00000000000000e+00	1
18	33	23	28	3.01123246046823e-02	0.00000000000000e+00	0.00000000000000e+00	0.00000000000000e+00	7.03620457471968e+01	1.26528000000000e-01	8.90276892430132e+00	0.00000000000000e+00	1
19	34	24	29	3.01090203541306e-02	0.00000000000000e+00	0.00000000000000e+00	0.00000000000000e+00	6.21715168398732e+01	1.47537000000000e-01	9.17259908000438e+00	0.00000000000000e+00	1
20	35	25	30	3.00866074880372e-02	0.00000000000000e+00	0.00000000000000e+00	0.00000000000000e+00	5.31096001657685e+01	2.17406000000000e-01	1.15463457336391e+01	0.00000000000000e+00	1
21	36	26	31	3.00817816414563e-02	0.00000000000000e+00	0.00000000000000e+00	0.00000000000000e+00	4.72792212707965e+01	2.58627000000000e-01	1.22276831596023e+01	0.00000000000000e+00	1
22	37	27	32	3.00690089658092e-02	0.00000000000000e+00	0.00000000000000e+00	0.00000000000000e+00	4.67156598960009e+01	3.10193000000000e-01	1.44908706901202e+01	0.00000000000000e+00	1
23	38	28	33	3.00731193023627e-02	0.00000000000000e+00	0.00000000000000e+00	0.00000000000000e+00	5.37737556787266e+01	2.54330000000000e-01	1.36762792817705e+01	0.00000000000000e+00	1
1	19	7	13	3.01087269744084e-02	0.00000000000000e+00	0.00000000000000e+00	0.00000000000000e+00	9.05304412643348e+01	1.01594000000000e-01	9.19734964980882e+00	0.00000000000000e+00	1
2	20	8	14	3.01014916623678e-02	0.00000000000000e+00	0.00000000000000e+00	0.00000000000000e+00	8.47091209921115e+01	1.16316000000000e-01	9.85302611731844e+00	0.00000000000000e+00	1
3	21	9	15	3.01165783400074e-02	0.00000000000000e+00	0.00000000000000e+00	0.00000000000000e+00	8.45440395195051e+01	1.01461000000000e-01	8.57792279368850e+00	0.00000000000000e+00	1
4	22	10	16	3.01244603032045e-02	0.00000000000000e+00	0.00000000000000e+00	0.00000000000000e+00	8.35588212623017e+01	9.61561000000000e-02	8.03469037318000e+00	0.00000000000000e+00	1
5	23	11	17	3.01514163026213e-02	0.00000000000000e+00	0.00000000000000e+00	0.00000000000000e+00	7.59074931446590e+01	8.70047000000000e-02	6.60430866880311e+00	0.00000000000000e+00	1
6	24	12	18	3.01560001619950e-02	0.00000000000000e+00	0.00000000000000e+00	0.00000000000000e+00	6.76920727715920e+01	9.46972000000000e-02	6.41024975366600e+00	0.00000000000000e+00	1
7	25	13	19	3.01458206402417e-02	0.00000000000000e+00	0.00000000000000e+00	0.00000000000000e+00	6.49573256746158e+01	1.05573000000000e-01	6.85773974344621e+00	0.00000000000000e+00	1
8	26	14	20	3.01236173130277e-02	0.00000000000000e+00	0.00000000000000e+00	0.00000000000000e+00	6.40685059632034e+01	1.26263000000000e-01	8.08948176843194e+00	0.00000000000000e+00	1
9	27	15	21	3.00947811890747e-02	0.00000000000000e+00	0.00000000000000e+00	0.00000000000000e+00	6.08178323547214e+01	1.73479000000000e-01	1.05506167390647e+01	0.00000000000000e+00	1
10	28	16	22	3.00878410508045e-02	0.00000000000000e+00	0.00000000000000e+00	0.00000000000000e+00	5.95249121256744e+01	1.91251000000000e-01	1.13841989689474e+01	0.00000000000000e+00	1
11	29	17	23	3.00819019774029e-02	0.00000000000000e+00	0.00000000000000e+00	0.00000000000000e+00	6.46481987949510e+01	1.88864000000000e-01	1.22097174172096e+01	0.00000000000000e+00	1
12	30	18	24	3.01102908293684e-02	0.00000000000000e+00	0.00000000000000e+00	0.00000000000000e+00	7.28039970277827e+01	1.24539000000000e-01	9.06693698584302e+00	0.00000000000000e+00	1
13	31	19	25	3.01180713413335e-02	0.00000000000000e+00	0.00000000000000e+00	0.00000000000000e+00	7.62032313641339e+01	1.11143000000000e-01	8.46945574350393e+00	0.00000000000000e+00	1
14	32	20	26	3.01288342854026e-02	0.00000000000000e+00	0.00000000000000e+00	0.00000000000000e+00	7.53195831741936e+01	1.03053000000000e-01	7.76190900485017e+00	0.00000000000000e+00	1
15	33	21	27	3.01297554268981e-02	0.00000000000000e+00	0.00000000000000e+00	0.00000000000000e+00	7.67610234165217e+01	1.00400000000000e-01	7.70680675101878e+00	0.00000000000000e+00	1
16	34	22	28	3.01206271761062e-02	0.00000000000000e+00	0.00000000000000e+00	0.00000000000000e+00	7.72622336744013e+01	1.07297000000000e-01	8.29000588656224e+00	0.00000000000000e+00	1
17	35	23	29	3.01177917681271e-02	0.00000000000000e+00	0.00000000000000e+00	0.00000000000000e+00	7.22460202816503e+01	1.17509000000000e-01	8.48955759727645e+00	0.00000000000000e+00	1
18	36	24	30	3.01063787085107e-02	0.00000000000000e+00	0.00000000000000e+00	0.00000000000000e+00	6.49058373631634e+01	1.44831000000000e-01	9.40037733114432e+00	0.00000000000000e+00	1
19	37	25	31	3.01237211666157e-02	0.00000000000000e+00	0.00000000000000e+00	0.00000000000000e+00	6.18699580832959e+01	1.30640000000000e-01	8.08269132400178e+00	0.00000000000000e+00	1
20	38	26	32	3.01089598352503e-02	0.00000000000000e+00	0.00000000000000e+00	0.00000000000000e+00	6.49748230752728e+01	1.41250000000000e-01	9.17769375938228e+00	0.00000000000000e+00	1
1	22	8	15	3.01166591190906e-02	0.00000000000000e+00	0.00000000000000e+00	0.00000000000000e+00	1.09597512483109e+02	7.82133000000000e-02	8.57198312309513e+00	0.00000000000000e+00	1
2	23	9	16	3.01128638822248e-02	0.00000000000000e+00	0.00000000000000e+00	0.00000000000000e+00	1.03779786388960e+02	8.53753000000000e-02	8.86023039689340e+00	0.00000000000000e+00	1
3	24	10	17	3.01307020492792e-02	0.00000000000000e+00	0.00000000000000e+00	0.00000000000000e+00	9.71163283988192e+01	7.87817000000000e-02	7.65098944901725e+00	0.00000000000000e+00	1
4	25	11	18	3.01569847687373e-02	0.00000000000000e+00	0.00000000000000e+00	0.00000000000000e+00	8.66056498265661e+01	7.35523000000000e-02	6.37004473773854e+00	0.00000000000000e+00	1
5	26	12	19	3.01648379332293e-02	0.00000000000000e+00	0.00000000000000e+00	0.00000000000000e+00	8.00063933105790e+01	7.58260000000000e-02	6.06656477916797e+00	0.00000000000000e+00	1
6	27	13	20	3.01287770161164e-02	0.00000000000000e+00	0.00000000000000e+00	0.00000000000000e+00	7.76225595282254e+01	1.00040000000000e-01	7.76536085520367e+00	0.00000000000000e+00	1
7	28	14	21	3.01143352710458e-02	0.00000000000000e+00	0.00000000000000e+00	0.00000000000000e+00	7.25808274904560e+01	1.20503000000000e-01	8.74620745508242e+00	0.00000000000000e+00	1
8	29	15	22	3.01042327725903e-02	0.00000000000000e+00	0.00000000000000e+00	0.00000000000000e+00	7.04445340875457e+01	1.36191000000000e-01	9.59391154191694e+00	0.00000000000000e+00	1
9	30	16	23	3.01242123833635e-02	0.00000000000000e+00	0.00000000000000e+00	0.00000000000000e+00	7.36153974209686e+01	1.09362000000000e-01	8.05072709275197e+00	0.00000000000000e+00	1
10	31	17	24	3.01302562141912e-02	0.00000000000000e+00	0.00000000000000e+00	0.00000000000000e+00	7.90772668160999e+01	9.70845000000000e-02	7.67717691020765e+00	0.00000000000000e+00	1
11	32	18	25	3.01255558485935e-02	0.00000000000000e+00	0.00000000000000e+00	0.00000000000000e+00	8.62809209101913e+01	9.23099000000000e-02	7.96458318112767e+00	0.00000000000000e+00	1
12	33	19	26	3.01217860143063e-02	0.00000000000000e+00	0.00000000000000e+00	0.00000000000000e+00	8.67092529326230e+01	9.46972000000000e-02	8.21112346681118e+00	0.00000000000000e+00	1
13	34	20	27	3.01324739936813e-02	0.00000000000000e+00	0.00000000000000e+00	0.00000000000000e+00	8.20783941522376e+01	9.19688000000000e-02	7.54865141610831e+00	0.00000000000000e+00	1
14	35	21	28	3.01230917939482e-02	0.00000000000000e+00	0.00000000000000e+00	0.00000000000000e+00	8.29995250192604e+01	9.78803000000000e-02	8.12401840874272e+00	0.00000000000000e+00	1
15	36	22	29	3.01231174780950e-02	0.00000000000000e+00	0.00000000000000e+00	0.00000000000000e+00	8.26941164190293e+01	9.82213000000000e-02	8.12232361702840e+00	0.00000000000000e+00	1
16	37	23	30	3.01137607095427e-02	0.00000000000000e+00	0.00000000000000e+00	0.00000000000000e+00	7.82633342683163e+01	1.12318000000000e-01	8.79038117834875e+00	0.00000000000000e+00	1
17	38	24	31	3.01252614786401e-02	0.00000000000000e+00	0.00000000000000e+00	0.00000000000000e+00	7.77682558078504e+01	1.02655000000000e-01	7.98330029995488e+00	0.00000000000000e+00	1
1	25	9	17	3.01524174403820e-02	0.00000000000000e+00	0.00000000000000e+00	0.00000000000000e+00	1.17992133217144e+02	5.56048000000000e-02	6.56092896911265e+00	0.00000000000000e+00	1
2	26	10	18	3.01248523704622e-02	0.00000000000000e+00	0.00000000000000e+00	0.00000000000000e+00	1.08080390551292e+02	7.41065000000000e-02	8.00945946238934e+00	0.00000000000000e+00	1
3	27	11	19	3.01573215947947e-02	0.00000000000000e+00	0.00000000000000e+00	0.00000000000000e+00	1.02242507238700e+02	6.21699000000000e-02	6.35640645077928e+00	0.00000000000000e+00	1
4	28	12	20	3.01529945893378e-02	0.00000000000000e+00	0.00000000000000e+00	0.00000000000000e+00	9.62061554442875e+01	6.79393000000000e-02	6.53617885657608e+00	0.00000000000000e+00	1
5	29	13	21	3.01281188276654e-02	0.00000000000000e+00	0.00000000000000e+00	0.00000000000000e+00	8.96764979575651e+01	8.70379000000000e-02	7.80525406158076e+00	0.00000000000000e+00	1
6	30	14	22	3.01392562284104e-02	0.00000000000000e+00	0.00000000000000e+00	0.00000000000000e+00	8.63532573556020e+01	8.31585000000000e-02	7.18100735180583e+00	0.00000000000000e+00	1
7	31	15	23	3.01346543715510e-02	0.00000000000000e+00	0.00000000000000e+00	0.00000000000000e+00	8.64102966146856e+01	8.59437000000000e-02	7.42642060916355e+00	0.00000000000000e+00	1
8	32	16	24	3.01405634364098e-02	0.00000000000000e+00	0.00000000000000e+00	0.00000000000000e+00	8.80788501846234e+01	8.07711000000000e-02	7.11422561614723e+00	0.00000000000000e+00	1
9	33	17	25	3.01371226317428e-02	0.00000000000000e+00	0.00000000000000e+00	0.00000000000000e+00	9.01779160473407e+01	8.08706000000000e-02	7.29274217749807e+00	0.00000000000000e+00	1
10	34	18	26	3.01372464717221e-02	0.00000000000000e+00	0.00000000000000e+00	0.00000000000000e+00	9.12185252877901e+01	7.98759000000000e-02	7.28616180403499e+00	0.00000000000000e+00	1
11	35	19	27	3.01249566877584e-02	0.00000000000000e+00	0.00000000000000e+00	0.00000000000000e+00	9.08043950469836e+01	8.81320000000000e-02	8.00277294428076e+00	0.00000000000000e+00	1
12	36	20	28	3.01222731174358e-02	0.00000000000000e+00	0.00000000000000e+00	0.00000000000000e+00	8.95625429420777e+01	9.13151000000000e-02	8.17841256501012e+00	0.00000000000000e+00	1
13	37	21	29	3.01232004626054e-02	0.00000000000000e+00	0.00000000000000e+00	0.00000000000000e+00	9.02649797192277e+01	8.99225000000000e-02	8.11685263880225e+00	0.00000000000000e+00	1
14	38	22	30	3.01122366364358e-02	0.00000000000000e+00	0.00000000000000e+00	0.00000000000000e+00	9.26272120721511e+01	9.61893000000000e-02	8.90974669017177e+00	0.00000000000000e+00	1
1	28	10	19	3.01482759375415e-02	0.00000000000000e+00	0.00000000000000e+00	0.00000000000000e+00	1.32651916432312e+02	5.08412000000000e-02	6.74418261371848e+00	0.00000000000000e+00	1
2	29	11	20	3.01419317230947e-02	0.00000000000000e+00	0.00000000000000e+00	0.00000000000000e+00	1.24701614680200e+02	5.65000000000000e-02	7.04564122943132e+00	0.00000000000000e+00	1
3	30	12	21	3.01575015641510e-02	0.00000000000000e+00	0.00000000000000e+00	0.00000000000000e+00	1.13260455620308e+02	5.60579000000000e-02	6.34914329511768e+00	0.00000000000000e+00	1
4	31	13	22	3.01482096389852e-02	0.00000000000000e+00	0.00000000000000e+00	0.00000000000000e+00	1.05253790102767e+02	6.41041000000000e-02	6.74719948612680e+00	0.00000000000000e+00	1
5	32	14	23	3.01448195575170e-02	0.00000000000000e+00	0.00000000000000e+00	0.00000000000000e+00	1.01290932849998e+02	6.81714000000000e-02	6.90514469969032e+00	0.00000000000000e+00	1
6	33	15	24	3.01403077045208e-02	0.00000000000000e+00	0.00000000000000e+00	0.00000000000000e+00	9.91471428262976e+01	7.18850000000000e-02	7.12719236206840e+00	0.00000000000000e+00	1
7	34	16	25	3.01398616646103e-02	0.00000000000000e+00	0.00000000000000e+00	0.00000000000000e+00	9.90977440368926e+01	7.21502000000000e-02	7.14992205181061e+00	0.00000000000000e+00	1
8	35	17	26	3.01394001339306e-02	0.00000000000000e+00	0.00000000000000e+00	0.00000000000000e+00	9.99155148801037e+01	7.17966000000000e-02	7.17359425564085e+00	0.00000000000000e+00	1
9	36	18	27	3.01374390820668e-02	0.00000000000000e+00	0.00000000000000e+00	0.00000000000000e+00	9.95030394915591e+01	7.31229000000000e-02	7.27595080643733e+00	0.00000000000000e+00	1
10	37	19	28	3.01252122677492e-02	0.00000000000000e+00	0.00000000000000e+00	0.00000000000000e+00	9.70187490591951e+01	8.23185000000000e-02	7.98643789442936e+00	0.00000000000000e+00	1
11	38	20	29	3.01133489870039e-02	0.00000000000000e+00	0.00000000000000e+00	0.00000000000000e+00	9.71548450576323e+01	9.08067000000000e-02	8.82231086869490e+00	0.00000000000000e+00	1
1	31	11	21	3.01380921703109e-02	0.00000000000000e+00	0.00000000000000e+00	0.00000000000000e+00	1.48936077666547e+02	4.86218000000000e-02	7.24154018108732e+00	0.00000000000000e+00	1
2	32	12	22	3.01443705116119e-02	0.00000000000000e+00	0.00000000000000e+00	0.00000000000000e+00	1.28003634341420e+02	5.41127000000000e-02	6.92662226402697e+00	0.00000000000000e+00	1
3	33	13	23	3.01398339338641e-02	0.00000000000000e+00	0.00000000000000e+00	0.00000000000000e+00	1.17934957734547e+02	6.06380000000000e-02	7.15133996710745e+00	0.00000000000000e+00	1
4	34	14	24	3.01439716709921e-02	0.00000000000000e+00	0.00000000000000e+00	0.00000000000000e+00	1.13061716651279e+02	6.14338000000000e-02	6.94581088841133e+00	0.00000000000000e+00	1
5	35	15	25	3.01394536409109e-02	0.00000000000000e+00	0.00000000000000e+00	0.00000000000000e+00	1.12780294839468e+02	6.35824000000000e-02	7.17084181860099e+00	0.00000000000000e+00	1
6	36	16	26	3.01383434133329e-02	0.00000000000000e+00	0.00000000000000e+00	0.00000000000000e+00	1.12837968030830e+02	6.40599000000000e-02	7.22838894825817e+00	0.00000000000000e+00	1
7	37	17	27	3.01369372598205e-02	0.00000000000000e+00	0.00000000000000e+00	0.00000000000000e+00	1.12048141358968e+02	6.51739000000000e-02	7.30261436011522e+00	0.00000000000000e+00	1
8	38	18	28	3.01296806020286e-02	0.00000000000000e+00	0.00000000000000e+00	0.00000000000000e+00	1.12285527695802e+02	6.86754000000000e-02	7.71125352872028e+00	0.00000000000000e+00	1
1	34	12	23	3.01492524050559e-02	0.00000000000000e+00	0.00000000000000e+00	0.00000000000000e+00	1.42924236696895e+02	4.68784000000000e-02	6.70005953757172e+00	0.00000000000000e+00	1
2	35	13	24	3.01313567136878e-02	0.00000000000000e+00	0.00000000000000e+00	0.00000000000000e+00	1.33205798910905e+02	5.71511000000000e-02	7.61285793413701e+00	0.00000000000000e+00	1
3	36	14	25	3.01354468350689e-02	0.00000000000000e+00	0.00000000000000e+00	0.00000000000000e+00	1.31175854011225e+02	5.62830000000000e-02	7.38297059131379e+00	0.00000000000000e+00	1
4	37	15	26	3.01349140222510e-02	0.00000000000000e+00	0.00000000000000e+00	0.00000000000000e+00	1.30187848508592e+02	5.69341000000000e-02	7.41212798577302e+00	0.00000000000000e+00	1
5	38	16	27	3.01339412546999e-02	0.00000000000000e+00	0.00000000000000e+00	0.00000000000000e+00	1.30305530722258e+02	5.72958000000000e-02	7.46595962715635e+00	0.00000000000000e+00	1
1	37	13	25	3.01375342874794e-02	0.00000000000000e+00	0.00000000000000e+00	0.00000000000000e+00	1.60766678213424e+02	4.52265000000000e-02	7.27091417221943e+00	0.00000000000000e+00	1
2	38	14	26	3.01254340794544e-02	0.00000000000000e+00	0.00000000000000e+00	0.00000000000000e+00	1.56129486286228e+02	5.10622000000000e-02	7.97231505464464e+00	0.00000000000000e+00	1
0
