ACACIAS Gradient_3
4.50
11
15
Type of measurement (0=app.resistivity,1=resistance)
1
512
2
11
Chargeability
mV/V
2 0.01 0.02 0.02 0.80 0.50
4 20.25 0.00 65.25 0.00 24.75 0.00 29.25 0.00 16.4683 16.6585 15.8342
4 20.25 0.00 65.25 0.00 29.25 0.00 33.75 0.00 4.12725 20.5345 19.5181
4 20.25 0.00 65.25 0.00 33.75 0.00 38.25 0.00 1.36879 23.0859 21.9807
4 24.75 0.00 69.75 0.00 29.25 0.00 33.75 0.00 17.872 16.1422 15.3427
4 24.75 0.00 69.75 0.00 33.75 0.00 38.25 0.00 4.48285 20.7998 19.7361
4 20.25 0.00 65.25 0.00 38.25 0.00 42.75 0.00 0.669022 25.1547 23.9359
4 20.25 0.00 65.25 0.00 42.75 0.00 47.25 0.00 0.657676 23.983 22.8729
4 29.25 0.00 74.25 0.00 33.75 0.00 38.25 0.00 18.2683 16.2009 15.4294
4 24.75 0.00 69.75 0.00 38.25 0.00 42.75 0.00 1.5113 23.8393 22.6848
4 20.25 0.00 65.25 0.00 47.25 0.00 51.75 0.00 1.49788 22.3016 21.2341
4 24.75 0.00 69.75 0.00 42.75 0.00 47.25 0.00 0.686413 24.2442 23.0922
4 29.25 0.00 74.25 0.00 38.25 0.00 42.75 0.00 4.70964 21.0233 20.0569
4 20.25 0.00 65.25 0.00 51.75 0.00 56.25 0.00 4.01246 18.9801 18.0482
4 24.75 0.00 69.75 0.00 47.25 0.00 51.75 0.00 0.745735 23.4511 22.4553
4 29.25 0.00 74.25 0.00 42.75 0.00 47.25 0.00 1.50223 22.6331 21.5324
4 33.75 0.00 78.75 0.00 38.25 0.00 42.75 0.00 17.8745 16.1988 15.4027
4 20.25 0.00 110.25 0.00 29.25 0.00 38.25 0.00 5.34714 21.1549 20.1054
4 29.25 0.00 74.25 0.00 47.25 0.00 51.75 0.00 0.745478 23.2907 22.1469
4 33.75 0.00 78.75 0.00 42.75 0.00 47.25 0.00 4.36517 19.7637 18.7829
4 20.25 0.00 65.25 0.00 56.25 0.00 60.75 0.00 14.9646 14.386 13.6738
4 24.75 0.00 69.75 0.00 51.75 0.00 56.25 0.00 1.45876 21.7185 20.7026
4 33.75 0.00 78.75 0.00 47.25 0.00 51.75 0.00 1.5443 21.741 20.7066
4 38.25 0.00 83.25 0.00 42.75 0.00 47.25 0.00 18.355 15.1037 14.3497
4 29.25 0.00 74.25 0.00 51.75 0.00 56.25 0.00 0.696428 23.4059 22.0363
4 24.75 0.00 69.75 0.00 56.25 0.00 60.75 0.00 4.17206 18.5937 17.6751
4 20.25 0.00 110.25 0.00 38.25 0.00 47.25 0.00 0.647134 25.8884 24.5773
4 24.75 0.00 114.75 0.00 33.75 0.00 42.75 0.00 5.86 21.6762 20.6023
4 29.25 0.00 74.25 0.00 56.25 0.00 60.75 0.00 1.40688 21.1249 19.9968
4 33.75 0.00 78.75 0.00 51.75 0.00 56.25 0.00 0.695339 23.0795 22.0684
4 38.25 0.00 83.25 0.00 47.25 0.00 51.75 0.00 4.78127 18.6943 17.8312
4 24.75 0.00 69.75 0.00 60.75 0.00 65.25 0.00 16.1282 14.5772 13.8632
4 29.25 0.00 74.25 0.00 60.75 0.00 65.25 0.00 4.1565 18.2538 17.3718
4 33.75 0.00 78.75 0.00 56.25 0.00 60.75 0.00 0.647931 22.6666 21.3065
4 38.25 0.00 83.25 0.00 51.75 0.00 56.25 0.00 1.5455 20.8498 19.8556
4 42.75 0.00 87.75 0.00 47.25 0.00 51.75 0.00 19.9886 15.9079 15.1139
4 29.25 0.00 119.25 0.00 38.25 0.00 47.25 0.00 6.08093 21.3467 20.2812
4 20.25 0.00 110.25 0.00 47.25 0.00 56.25 0.00 0.130564 24.9514 23.5934
4 24.75 0.00 114.75 0.00 42.75 0.00 51.75 0.00 0.688966 23.9468 22.7711
4 29.25 0.00 74.25 0.00 65.25 0.00 69.75 0.00 15.5547 13.4309 12.771
4 33.75 0.00 78.75 0.00 60.75 0.00 65.25 0.00 1.36825 20.8824 19.7945
4 42.75 0.00 87.75 0.00 51.75 0.00 56.25 0.00 4.80073 19.6804 18.6548
4 38.25 0.00 83.25 0.00 56.25 0.00 60.75 0.00 0.679513 22.3272 21.3824
4 38.25 0.00 83.25 0.00 60.75 0.00 65.25 0.00 0.708198 25.4755 24.1807
4 33.75 0.00 78.75 0.00 65.25 0.00 69.75 0.00 3.85791 17.5252 16.6864
4 42.75 0.00 87.75 0.00 56.25 0.00 60.75 0.00 1.45589 22.2855 21.1824
4 47.25 0.00 92.25 0.00 51.75 0.00 56.25 0.00 18.3423 15.4292 14.6577
4 24.75 0.00 114.75 0.00 51.75 0.00 60.75 0.00 0.132472 26.1386 25.1765
4 33.75 0.00 123.75 0.00 42.75 0.00 51.75 0.00 5.77896 20.3738 19.32
4 29.25 0.00 119.25 0.00 47.25 0.00 56.25 0.00 0.739259 24.1793 22.8639
4 20.25 0.00 110.25 0.00 56.25 0.00 65.25 0.00 0.0463423 118.899 124.436
4 47.25 0.00 92.25 0.00 56.25 0.00 60.75 0.00 4.15234 19.9657 18.9013
4 20.25 0.00 155.25 0.00 33.75 0.00 47.25 0.00 1.92773 23.8357 22.901
4 33.75 0.00 78.75 0.00 69.75 0.00 74.25 0.00 17.3191 12.807 12.1821
4 38.25 0.00 83.25 0.00 65.25 0.00 69.75 0.00 1.45624 20.4522 19.4602
4 42.75 0.00 87.75 0.00 60.75 0.00 65.25 0.00 0.697806 25.7413 24.472
4 42.75 0.00 87.75 0.00 65.25 0.00 69.75 0.00 0.683942 23.619 22.7833
4 47.25 0.00 92.25 0.00 60.75 0.00 65.25 0.00 1.42489 22.9622 21.8872
4 51.75 0.00 96.75 0.00 56.25 0.00 60.75 0.00 16.7819 15.5195 14.7496
4 38.25 0.00 83.25 0.00 69.75 0.00 74.25 0.00 4.88676 17.4371 16.5709
4 24.75 0.00 114.75 0.00 60.75 0.00 69.75 0.00 0.0489026 -2.08627 -0.0762962
4 20.25 0.00 110.25 0.00 65.25 0.00 74.25 0.00 0.0561609 32.8504 31.0341
4 29.25 0.00 119.25 0.00 56.25 0.00 65.25 0.00 0.130699 16.2396 15.2007
4 33.75 0.00 123.75 0.00 51.75 0.00 60.75 0.00 0.692205 23.7589 22.1471
4 38.25 0.00 128.25 0.00 47.25 0.00 56.25 0.00 6.1905 20.0495 19.1036
4 42.75 0.00 87.75 0.00 69.75 0.00 74.25 0.00 1.61416 19.835 18.9531
4 47.25 0.00 92.25 0.00 65.25 0.00 69.75 0.00 0.68275 24.0419 22.7956
4 24.75 0.00 159.75 0.00 38.25 0.00 51.75 0.00 2.10192 23.9454 22.7367
4 51.75 0.00 96.75 0.00 60.75 0.00 65.25 0.00 4.33109 20.0507 19.0725
4 38.25 0.00 83.25 0.00 74.25 0.00 78.75 0.00 17.9651 12.1228 11.5142
4 42.75 0.00 87.75 0.00 74.25 0.00 78.75 0.00 4.42924 16.2086 15.435
4 47.25 0.00 92.25 0.00 69.75 0.00 74.25 0.00 0.810169 23.2083 22.3964
4 51.75 0.00 96.75 0.00 65.25 0.00 69.75 0.00 1.43692 22.0706 21.0037
4 56.25 0.00 101.25 0.00 60.75 0.00 65.25 0.00 15.7867 15.2526 14.5159
4 20.25 0.00 155.25 0.00 47.25 0.00 60.75 0.00 0.145103 18.3801 19.8957
4 42.75 0.00 132.75 0.00 51.75 0.00 60.75 0.00 6.1244 20.3585 19.4122
4 20.25 0.00 110.25 0.00 74.25 0.00 83.25 0.00 0.134881 26.3832 24.886
4 38.25 0.00 128.25 0.00 56.25 0.00 65.25 0.00 0.664774 23.841 22.9538
4 24.75 0.00 114.75 0.00 69.75 0.00 78.75 0.00 0.0574774 33.5083 30.1916
4 29.25 0.00 119.25 0.00 65.25 0.00 74.25 0.00 0.0517401 31.7748 26.6994
4 33.75 0.00 123.75 0.00 60.75 0.00 69.75 0.00 0.127135 18.8769 19.057
4 42.75 0.00 87.75 0.00 78.75 0.00 83.25 0.00 11.8905 11.2751 10.7224
4 47.25 0.00 92.25 0.00 74.25 0.00 78.75 0.00 1.6598 20.1692 19.3313
4 51.75 0.00 96.75 0.00 69.75 0.00 74.25 0.00 0.793174 24.1342 22.9769
4 29.25 0.00 164.25 0.00 42.75 0.00 56.25 0.00 2.14911 23.2085 22.1601
4 56.25 0.00 101.25 0.00 65.25 0.00 69.75 0.00 3.98514 19.0089 18.1018
4 60.75 0.00 105.75 0.00 65.25 0.00 69.75 0.00 14.7827 14.5217 13.7828
4 47.25 0.00 92.25 0.00 78.75 0.00 83.25 0.00 3.48901 16.682 15.8353
4 24.75 0.00 159.75 0.00 51.75 0.00 65.25 0.00 0.149147 17.6379 16.8864
4 51.75 0.00 96.75 0.00 74.25 0.00 78.75 0.00 0.831489 22.8463 22.0588
4 56.25 0.00 101.25 0.00 69.75 0.00 74.25 0.00 1.52506 22.4859 21.3044
4 38.25 0.00 128.25 0.00 65.25 0.00 74.25 0.00 0.132779 22.6465 21.8564
4 42.75 0.00 132.75 0.00 60.75 0.00 69.75 0.00 0.685172 24.3682 23.5002
4 47.25 0.00 137.25 0.00 56.25 0.00 65.25 0.00 5.43645 20.3548 19.3972
4 20.25 0.00 110.25 0.00 83.25 0.00 92.25 0.00 0.758451 25.3279 23.9574
4 24.75 0.00 114.75 0.00 78.75 0.00 87.75 0.00 0.125355 11.9273 10.0053
4 33.75 0.00 123.75 0.00 69.75 0.00 78.75 0.00 0.055638 22.9507 23.1124
4 29.25 0.00 119.25 0.00 74.25 0.00 83.25 0.00 0.0500667 32.0651 22.7639
4 60.75 0.00 105.75 0.00 69.75 0.00 74.25 0.00 4.2789 19.2341 18.2116
4 56.25 0.00 101.25 0.00 74.25 0.00 78.75 0.00 0.755899 24.1995 22.8243
4 20.25 0.00 155.25 0.00 60.75 0.00 74.25 0.00 0.033646 14.858 17.251
4 47.25 0.00 92.25 0.00 83.25 0.00 87.75 0.00 15.0012 13.139 12.4902
4 33.75 0.00 168.75 0.00 47.25 0.00 60.75 0.00 2.14036 22.1785 21.2418
4 51.75 0.00 96.75 0.00 78.75 0.00 83.25 0.00 1.32188 20.5139 19.6239
4 20.25 0.00 200.25 0.00 38.25 0.00 56.25 0.00 0.763984 24.8522 23.8694
4 60.75 0.00 105.75 0.00 74.25 0.00 78.75 0.00 1.48424 21.6428 20.5949
4 65.25 0.00 110.25 0.00 69.75 0.00 74.25 0.00 16.2425 14.7748 14.0579
4 29.25 0.00 164.25 0.00 56.25 0.00 69.75 0.00 0.144659 12.868 13.6995
4 56.25 0.00 101.25 0.00 78.75 0.00 83.25 0.00 0.623498 23.4453 22.4031
4 51.75 0.00 96.75 0.00 83.25 0.00 87.75 0.00 4.51108 18.6239 17.739
4 33.75 0.00 123.75 0.00 78.75 0.00 87.75 0.00 0.0493694 32.4234 26.6084
4 38.25 0.00 128.25 0.00 74.25 0.00 83.25 0.00 0.0512295 22.8086 22.5377
4 42.75 0.00 132.75 0.00 69.75 0.00 78.75 0.00 0.14801 21.0471 19.6474
4 24.75 0.00 114.75 0.00 87.75 0.00 96.75 0.00 0.718004 25.8564 24.3893
4 47.25 0.00 137.25 0.00 65.25 0.00 74.25 0.00 0.68126 23.1319 22.2767
4 29.25 0.00 119.25 0.00 83.25 0.00 92.25 0.00 0.139712 26.8895 23.1383
4 51.75 0.00 141.75 0.00 60.75 0.00 69.75 0.00 5.62273 20.4206 19.4079
4 20.25 0.00 110.25 0.00 92.25 0.00 101.25 0.00 6.21449 20.874 19.8582
4 60.75 0.00 105.75 0.00 78.75 0.00 83.25 0.00 0.624021 23.9319 22.7324
4 38.25 0.00 173.25 0.00 51.75 0.00 65.25 0.00 2.11477 22.5208 21.3603
4 65.25 0.00 110.25 0.00 74.25 0.00 78.75 0.00 4.253 18.4768 17.5879
4 24.75 0.00 159.75 0.00 65.25 0.00 78.75 0.00 0.0346766 36.0844 33.0693
4 51.75 0.00 96.75 0.00 87.75 0.00 92.25 0.00 17.6079 14.141 13.4539
4 56.25 0.00 101.25 0.00 83.25 0.00 87.75 0.00 1.54967 21.4907 20.4986
4 33.75 0.00 168.75 0.00 60.75 0.00 74.25 0.00 0.145674 18.3068 18.9027
4 56.25 0.00 101.25 0.00 87.75 0.00 92.25 0.00 4.58357 19.344 18.3568
4 60.75 0.00 105.75 0.00 83.25 0.00 87.75 0.00 0.77797 24.2845 22.739
4 20.25 0.00 155.25 0.00 74.25 0.00 87.75 0.00 0.0188303 41.3488 43.5814
4 65.25 0.00 110.25 0.00 78.75 0.00 83.25 0.00 1.28096 21.1779 20.1168
4 69.75 0.00 114.75 0.00 74.25 0.00 78.75 0.00 15.9424 13.8349 13.1548
4 56.25 0.00 146.25 0.00 65.25 0.00 74.25 0.00 5.35858 19.7092 18.8151
4 33.75 0.00 123.75 0.00 87.75 0.00 96.75 0.00 0.141456 24.4942 22.1012
4 24.75 0.00 114.75 0.00 96.75 0.00 105.75 0.00 5.6897 20.8996 19.8373
4 42.75 0.00 132.75 0.00 78.75 0.00 87.75 0.00 0.0503799 46.3873 42.3325
4 47.25 0.00 137.25 0.00 74.25 0.00 83.25 0.00 0.138768 22.1372 20.7451
4 38.25 0.00 128.25 0.00 83.25 0.00 92.25 0.00 0.0537736 24.2183 26.3248
4 29.25 0.00 119.25 0.00 92.25 0.00 101.25 0.00 0.75926 26.1403 24.6994
4 51.75 0.00 141.75 0.00 69.75 0.00 78.75 0.00 0.760221 24.0751 22.852
4 29.25 0.00 164.25 0.00 69.75 0.00 83.25 0.00 0.0357816 40.7761 38.439
4 42.75 0.00 177.75 0.00 56.25 0.00 69.75 0.00 2.04583 23.4169 22.2373
4 60.75 0.00 105.75 0.00 87.75 0.00 92.25 0.00 1.65401 22.7892 21.4989
4 69.75 0.00 114.75 0.00 78.75 0.00 83.25 0.00 3.68166 17.4196 16.5531
4 65.25 0.00 110.25 0.00 83.25 0.00 87.75 0.00 0.745343 25.7282 24.525
4 56.25 0.00 101.25 0.00 92.25 0.00 96.75 0.00 16.7365 14.5305 13.8151
4 20.25 0.00 200.25 0.00 56.25 0.00 74.25 0.00 0.0523593 0.824372 0.904175
4 60.75 0.00 105.75 0.00 92.25 0.00 96.75 0.00 4.7828 19.1704 18.2557
4 24.75 0.00 159.75 0.00 78.75 0.00 92.25 0.00 0.0124322 8.12047 1.42391
4 74.25 0.00 119.25 0.00 78.75 0.00 83.25 0.00 16.1155 12.3758 11.7754
4 38.25 0.00 173.25 0.00 65.25 0.00 78.75 0.00 0.151481 21.6522 19.8395
4 65.25 0.00 110.25 0.00 87.75 0.00 92.25 0.00 0.731104 23.2833 21.6868
4 69.75 0.00 114.75 0.00 83.25 0.00 87.75 0.00 1.49629 20.7702 19.7813
4 51.75 0.00 141.75 0.00 78.75 0.00 87.75 0.00 0.136865 23.3084 22.2519
4 38.25 0.00 128.25 0.00 92.25 0.00 101.25 0.00 0.146653 19.2019 19.6541
4 56.25 0.00 146.25 0.00 74.25 0.00 83.25 0.00 0.701635 22.9606 22.2627
4 60.75 0.00 150.75 0.00 69.75 0.00 78.75 0.00 5.60796 19.3139 18.4252
4 29.25 0.00 119.25 0.00 101.25 0.00 110.25 0.00 6.41713 20.8785 19.8245
4 42.75 0.00 132.75 0.00 87.75 0.00 96.75 0.00 0.0541458 13.7528 7.34017
4 33.75 0.00 123.75 0.00 96.75 0.00 105.75 0.00 0.724052 24.8098 23.4655
4 47.25 0.00 137.25 0.00 83.25 0.00 92.25 0.00 0.0555676 24.6607 22.2088
4 69.75 0.00 114.75 0.00 87.75 0.00 92.25 0.00 0.680809 24.0816 22.8771
4 60.75 0.00 105.75 0.00 96.75 0.00 101.25 0.00 19.2328 16.1784 15.3982
4 74.25 0.00 119.25 0.00 83.25 0.00 87.75 0.00 4.77207 17.6935 16.8516
4 33.75 0.00 168.75 0.00 74.25 0.00 87.75 0.00 0.0339723 25.0096 25.655
4 65.25 0.00 110.25 0.00 92.25 0.00 96.75 0.00 1.55332 22.2713 21.1709
4 47.25 0.00 182.25 0.00 60.75 0.00 74.25 0.00 2.00505 23.0463 21.7689
4 20.25 0.00 155.25 0.00 87.75 0.00 101.25 0.00 0.0217949 -29.238 -16.4911
4 29.25 0.00 164.25 0.00 83.25 0.00 96.75 0.00 0.0170847 9.3427 13.5327
4 74.25 0.00 119.25 0.00 87.75 0.00 92.25 0.00 1.48529 20.0856 19.1113
4 65.25 0.00 110.25 0.00 96.75 0.00 101.25 0.00 4.8031 20.4582 19.4296
4 78.75 0.00 123.75 0.00 83.25 0.00 87.75 0.00 18.3058 12.6266 12.0212
4 69.75 0.00 114.75 0.00 92.25 0.00 96.75 0.00 0.716302 23.5678 22.7026
4 42.75 0.00 177.75 0.00 69.75 0.00 83.25 0.00 0.162115 22.8891 21.3687
4 33.75 0.00 123.75 0.00 105.75 0.00 114.75 0.00 6.58159 21.4875 20.4275
4 38.25 0.00 128.25 0.00 101.25 0.00 110.25 0.00 0.793553 25.868 24.5845
4 56.25 0.00 146.25 0.00 83.25 0.00 92.25 0.00 0.149331 21.629 21.0983
4 51.75 0.00 141.75 0.00 87.75 0.00 96.75 0.00 0.0567137 19.7569 19.8391
4 60.75 0.00 150.75 0.00 78.75 0.00 87.75 0.00 0.653536 23.1307 22.5926
4 42.75 0.00 132.75 0.00 96.75 0.00 105.75 0.00 0.138273 22.1877 19.1882
4 47.25 0.00 137.25 0.00 92.25 0.00 101.25 0.00 0.0544568 12.5139 14.5256
4 65.25 0.00 155.25 0.00 74.25 0.00 83.25 0.00 5.4132 18.8338 17.9306
4 51.75 0.00 186.75 0.00 65.25 0.00 78.75 0.00 2.09353 22.6249 21.5286
4 78.75 0.00 123.75 0.00 87.75 0.00 92.25 0.00 4.25436 15.8789 15.1526
4 65.25 0.00 110.25 0.00 101.25 0.00 105.75 0.00 17.4682 15.8195 15.0415
4 24.75 0.00 159.75 0.00 92.25 0.00 105.75 0.00 0.026828 36.8075 37.3918
4 74.25 0.00 119.25 0.00 92.25 0.00 96.75 0.00 0.763427 23.4352 22.2835
4 38.25 0.00 173.25 0.00 78.75 0.00 92.25 0.00 0.0338701 29.1094 27.8932
4 69.75 0.00 114.75 0.00 96.75 0.00 101.25 0.00 1.57658 23.8216 22.7231
4 20.25 0.00 200.25 0.00 74.25 0.00 92.25 0.00 0.0185105 27.4945 30.1809
4 78.75 0.00 123.75 0.00 92.25 0.00 96.75 0.00 1.60006 20.2492 19.2787
4 47.25 0.00 182.25 0.00 74.25 0.00 87.75 0.00 0.158559 25.7654 22.7779
4 20.25 0.00 155.25 0.00 101.25 0.00 114.75 0.00 0.0321586 43.5822 46.7966
4 33.75 0.00 168.75 0.00 87.75 0.00 101.25 0.00 0.022191 14.8848 17.424
4 69.75 0.00 114.75 0.00 101.25 0.00 105.75 0.00 4.25675 20.0836 19.0994
4 83.25 0.00 128.25 0.00 87.75 0.00 92.25 0.00 12.6526 11.1115 10.5439
4 74.25 0.00 119.25 0.00 96.75 0.00 101.25 0.00 0.798397 25.576 24.3604
4 65.25 0.00 155.25 0.00 83.25 0.00 92.25 0.00 0.730234 22.8956 21.9141
4 56.25 0.00 146.25 0.00 92.25 0.00 101.25 0.00 0.0587266 20.3977 20.3239
4 69.75 0.00 159.75 0.00 78.75 0.00 87.75 0.00 5.05636 18.1759 17.2724
4 38.25 0.00 128.25 0.00 110.25 0.00 119.25 0.00 6.17973 21.3123 20.2891
4 42.75 0.00 132.75 0.00 105.75 0.00 114.75 0.00 0.799347 25.477 24.2857
4 47.25 0.00 137.25 0.00 101.25 0.00 110.25 0.00 0.140755 25.3482 25.1599
4 60.75 0.00 150.75 0.00 87.75 0.00 96.75 0.00 0.146352 15.5466 15.1991
4 51.75 0.00 141.75 0.00 96.75 0.00 105.75 0.00 0.0538782 34.2428 23.1671
4 42.75 0.00 177.75 0.00 83.25 0.00 96.75 0.00 0.0372817 29.7777 27.1644
4 74.25 0.00 119.25 0.00 101.25 0.00 105.75 0.00 1.48698 22.9719 21.8691
4 29.25 0.00 164.25 0.00 96.75 0.00 110.25 0.00 -0.00516123 147.361 117.982
4 78.75 0.00 123.75 0.00 96.75 0.00 101.25 0.00 0.848404 24.1155 22.9
4 56.25 0.00 191.25 0.00 69.75 0.00 83.25 0.00 2.11741 22.5877 21.4794
4 83.25 0.00 128.25 0.00 92.25 0.00 96.75 0.00 3.76458 16.3618 15.5203
4 69.75 0.00 114.75 0.00 105.75 0.00 110.25 0.00 19.1188 16.1729 15.3902
4 24.75 0.00 159.75 0.00 105.75 0.00 119.25 0.00 0.0325254 40.9943 40.0762
4 74.25 0.00 119.25 0.00 105.75 0.00 110.25 0.00 5.1064 20.4253 19.4184
4 78.75 0.00 123.75 0.00 101.25 0.00 105.75 0.00 0.732666 24.2102 23.2343
4 38.25 0.00 173.25 0.00 92.25 0.00 105.75 0.00 0.0215372 -7.20998 -5.07931
4 51.75 0.00 186.75 0.00 78.75 0.00 92.25 0.00 0.156729 22.0861 20.9785
4 87.75 0.00 132.75 0.00 92.25 0.00 96.75 0.00 14.2563 12.1762 11.5582
4 83.25 0.00 128.25 0.00 96.75 0.00 101.25 0.00 1.52262 20.8119 19.7609
4 51.75 0.00 141.75 0.00 105.75 0.00 114.75 0.00 0.152337 28.6696 24.4439
4 69.75 0.00 159.75 0.00 87.75 0.00 96.75 0.00 0.696471 22.9772 21.8384
4 60.75 0.00 150.75 0.00 96.75 0.00 105.75 0.00 0.0588479 10.6556 11.1742
4 56.25 0.00 146.25 0.00 101.25 0.00 110.25 0.00 0.0530469 33.2747 35.2425
4 74.25 0.00 164.25 0.00 83.25 0.00 92.25 0.00 6.12741 18.0534 17.111
4 65.25 0.00 155.25 0.00 92.25 0.00 101.25 0.00 0.15894 24.1227 23.7597
4 42.75 0.00 132.75 0.00 114.75 0.00 123.75 0.00 6.03061 21.1405 20.121
4 47.25 0.00 137.25 0.00 110.25 0.00 119.25 0.00 0.718486 24.7217 23.7353
4 60.75 0.00 195.75 0.00 74.25 0.00 87.75 0.00 2.02748 22.2298 20.9804
4 74.25 0.00 119.25 0.00 110.25 0.00 114.75 0.00 18.9111 15.8614 15.0987
4 33.75 0.00 168.75 0.00 101.25 0.00 114.75 0.00 0.0184322 28.1313 50.4145
4 47.25 0.00 182.25 0.00 87.75 0.00 101.25 0.00 0.0388733 10.903 6.95158
4 83.25 0.00 128.25 0.00 101.25 0.00 105.75 0.00 0.688028 22.4951 21.3493
4 78.75 0.00 123.75 0.00 105.75 0.00 110.25 0.00 1.75102 24.3102 23.1705
4 87.75 0.00 132.75 0.00 96.75 0.00 101.25 0.00 4.48339 18.3934 17.4581
4 20.25 0.00 155.25 0.00 114.75 0.00 128.25 0.00 0.142278 17.0935 17.0338
4 20.25 0.00 200.25 0.00 92.25 0.00 110.25 0.00 0.0135821 50.9706 59.5629
4 56.25 0.00 191.25 0.00 83.25 0.00 96.75 0.00 0.170377 21.2145 19.9958
4 29.25 0.00 164.25 0.00 110.25 0.00 123.75 0.00 0.0590167 43.1311 43.5941
4 78.75 0.00 123.75 0.00 110.25 0.00 114.75 0.00 4.98742 20.5113 19.5211
4 83.25 0.00 128.25 0.00 105.75 0.00 110.25 0.00 0.810911 25.2483 24.2811
4 92.25 0.00 137.25 0.00 96.75 0.00 101.25 0.00 17.5045 13.8098 13.1378
4 87.75 0.00 132.75 0.00 101.25 0.00 105.75 0.00 1.46208 21.3319 20.2525
4 42.75 0.00 177.75 0.00 96.75 0.00 110.25 0.00 0.020144 36.6717 37.4712
4 78.75 0.00 168.75 0.00 87.75 0.00 96.75 0.00 5.7287 16.8924 16.0564
4 51.75 0.00 141.75 0.00 114.75 0.00 123.75 0.00 0.764231 27.0603 25.6949
4 69.75 0.00 159.75 0.00 96.75 0.00 105.75 0.00 0.161478 26.8207 25.5809
4 47.25 0.00 137.25 0.00 119.25 0.00 128.25 0.00 5.75302 21.1454 20.1426
4 56.25 0.00 146.25 0.00 110.25 0.00 119.25 0.00 0.135113 22.654 22.7428
4 74.25 0.00 164.25 0.00 92.25 0.00 101.25 0.00 0.821588 23.8373 22.3391
4 60.75 0.00 150.75 0.00 105.75 0.00 114.75 0.00 0.0541755 35.4419 34.5255
4 65.25 0.00 155.25 0.00 101.25 0.00 110.25 0.00 0.055985 38.7031 39.7058
4 87.75 0.00 132.75 0.00 105.75 0.00 110.25 0.00 0.794451 21.3371 20.2017
4 24.75 0.00 159.75 0.00 119.25 0.00 132.75 0.00 0.145736 18.8146 18.5038
4 51.75 0.00 186.75 0.00 92.25 0.00 105.75 0.00 0.0399131 17.2043 19.0554
4 65.25 0.00 200.25 0.00 78.75 0.00 92.25 0.00 1.92974 21.7782 20.6348
4 78.75 0.00 123.75 0.00 114.75 0.00 119.25 0.00 17.6669 15.7036 14.9418
4 92.25 0.00 137.25 0.00 101.25 0.00 105.75 0.00 4.38959 18.1503 17.2877
4 83.25 0.00 128.25 0.00 110.25 0.00 114.75 0.00 1.69007 23.0407 21.9996
4 38.25 0.00 173.25 0.00 105.75 0.00 119.25 0.00 0.0185798 63.8633 41.0046
4 47.25 0.00 182.25 0.00 101.25 0.00 114.75 0.00 0.0202482 40.7066 35.1595
4 20.25 0.00 155.25 0.00 128.25 0.00 141.75 0.00 2.06931 24.7606 23.546
4 96.75 0.00 141.75 0.00 101.25 0.00 105.75 0.00 16.3468 14.2196 13.5236
4 87.75 0.00 132.75 0.00 110.25 0.00 114.75 0.00 0.786189 27.2093 26.0391
4 60.75 0.00 195.75 0.00 87.75 0.00 101.25 0.00 0.170122 15.0312 12.667
4 33.75 0.00 168.75 0.00 114.75 0.00 128.25 0.00 0.0301006 -3.49499 4.65304
4 92.25 0.00 137.25 0.00 105.75 0.00 110.25 0.00 1.69075 23.2173 21.9493
4 83.25 0.00 128.25 0.00 114.75 0.00 119.25 0.00 4.61273 19.5503 18.5766
4 69.75 0.00 159.75 0.00 105.75 0.00 114.75 0.00 0.0575359 23.8389 23.9481
4 65.25 0.00 155.25 0.00 110.25 0.00 119.25 0.00 0.0489391 30.5169 27.5504
4 74.25 0.00 164.25 0.00 101.25 0.00 110.25 0.00 0.161968 24.2797 22.4963
4 51.75 0.00 141.75 0.00 123.75 0.00 132.75 0.00 6.46742 22.4562 21.3525
4 78.75 0.00 168.75 0.00 96.75 0.00 105.75 0.00 0.870989 23.4714 22.3149
4 56.25 0.00 146.25 0.00 119.25 0.00 128.25 0.00 0.719665 26.6687 25.5152
4 83.25 0.00 173.25 0.00 92.25 0.00 101.25 0.00 5.15939 17.8024 16.9724
4 60.75 0.00 150.75 0.00 114.75 0.00 123.75 0.00 0.133526 25.1557 24.0193
4 83.25 0.00 128.25 0.00 119.25 0.00 123.75 0.00 17.7868 15.3757 14.6098
4 42.75 0.00 177.75 0.00 110.25 0.00 123.75 0.00 0.0178795 8.1821 10.8577
4 96.75 0.00 141.75 0.00 105.75 0.00 110.25 0.00 4.9256 19.4418 18.4834
4 87.75 0.00 132.75 0.00 114.75 0.00 119.25 0.00 1.54356 23.3522 22.2653
4 56.25 0.00 191.25 0.00 96.75 0.00 110.25 0.00 0.0402834 44.8934 42.8268
4 29.25 0.00 164.25 0.00 123.75 0.00 137.25 0.00 0.144375 21.9103 21.2854
4 92.25 0.00 137.25 0.00 110.25 0.00 114.75 0.00 0.763067 26.2002 24.6789
4 20.25 0.00 200.25 0.00 110.25 0.00 128.25 0.00 0.0122723 -43.8111 -31.6538
4 92.25 0.00 137.25 0.00 114.75 0.00 119.25 0.00 0.701166 24.9337 23.7
4 87.75 0.00 132.75 0.00 119.25 0.00 123.75 0.00 4.61076 20.4763 19.4799
4 96.75 0.00 141.75 0.00 110.25 0.00 114.75 0.00 1.59783 23.5228 22.3538
4 51.75 0.00 186.75 0.00 105.75 0.00 119.25 0.00 0.0206706 18.8625 25.7515
4 24.75 0.00 159.75 0.00 132.75 0.00 146.25 0.00 2.15698 25.754 24.4919
4 101.25 0.00 146.25 0.00 105.75 0.00 110.25 0.00 19.3554 15.3803 14.6106
4 38.25 0.00 173.25 0.00 119.25 0.00 132.75 0.00 0.0300408 32.4533 18.4588
4 65.25 0.00 200.25 0.00 92.25 0.00 105.75 0.00 0.178769 24.0953 22.4921
4 56.25 0.00 146.25 0.00 128.25 0.00 137.25 0.00 6.33688 21.7826 20.7135
4 87.75 0.00 177.75 0.00 96.75 0.00 105.75 0.00 5.81993 19.2832 18.3111
4 65.25 0.00 155.25 0.00 119.25 0.00 128.25 0.00 0.12771 20.3855 19.2509
4 83.25 0.00 173.25 0.00 101.25 0.00 110.25 0.00 0.717457 22.8273 21.9066
4 69.75 0.00 159.75 0.00 114.75 0.00 123.75 0.00 0.0468327 16.7749 13.211
4 74.25 0.00 164.25 0.00 110.25 0.00 119.25 0.00 0.0548825 36.1373 32.4078
4 60.75 0.00 150.75 0.00 123.75 0.00 132.75 0.00 0.746573 26.8808 25.561
4 78.75 0.00 168.75 0.00 105.75 0.00 114.75 0.00 0.171074 28.5405 27.3486
4 92.25 0.00 137.25 0.00 119.25 0.00 123.75 0.00 1.51031 23.2509 22.094
4 87.75 0.00 132.75 0.00 123.75 0.00 128.25 0.00 17.4002 15.9093 15.1359
4 101.25 0.00 146.25 0.00 110.25 0.00 114.75 0.00 4.82202 19.5665 18.5969
4 47.25 0.00 182.25 0.00 114.75 0.00 128.25 0.00 0.0173474 51.369 25.7171
4 96.75 0.00 141.75 0.00 114.75 0.00 119.25 0.00 0.709633 25.4221 24.1789
4 60.75 0.00 195.75 0.00 101.25 0.00 114.75 0.00 0.0376291 46.3642 38.4056
4 33.75 0.00 168.75 0.00 128.25 0.00 141.75 0.00 0.137432 26.2968 24.5546
4 96.75 0.00 141.75 0.00 119.25 0.00 123.75 0.00 0.752911 26.1763 25.1565
4 92.25 0.00 137.25 0.00 123.75 0.00 128.25 0.00 4.3729 20.3072 19.3285
4 29.25 0.00 164.25 0.00 137.25 0.00 150.75 0.00 2.0028 25.823 24.5937
4 101.25 0.00 146.25 0.00 114.75 0.00 119.25 0.00 1.51052 22.4357 21.3167
4 42.75 0.00 177.75 0.00 123.75 0.00 137.25 0.00 0.030023 22.8979 23.094
4 56.25 0.00 191.25 0.00 110.25 0.00 123.75 0.00 0.019788 -4.60667 -7.30857
4 105.75 0.00 150.75 0.00 110.25 0.00 114.75 0.00 18.0249 15.7918 15.0174
4 83.25 0.00 173.25 0.00 110.25 0.00 119.25 0.00 0.141293 25.0868 23.9237
4 60.75 0.00 150.75 0.00 132.75 0.00 141.75 0.00 6.0691 21.5905 20.4902
4 92.25 0.00 182.25 0.00 101.25 0.00 110.25 0.00 5.95257 19.3893 18.5726
4 87.75 0.00 177.75 0.00 105.75 0.00 114.75 0.00 0.795675 23.6402 22.4345
4 65.25 0.00 155.25 0.00 128.25 0.00 137.25 0.00 0.732405 26.2388 25.0391
4 69.75 0.00 159.75 0.00 123.75 0.00 132.75 0.00 0.13002 19.9772 18.8286
4 78.75 0.00 168.75 0.00 114.75 0.00 123.75 0.00 0.0514824 30.0029 27.0145
4 74.25 0.00 164.25 0.00 119.25 0.00 128.25 0.00 0.046591 5.39254 7.50353
4 92.25 0.00 137.25 0.00 128.25 0.00 132.75 0.00 16.797 15.714 14.9416
4 65.25 0.00 200.25 0.00 105.75 0.00 119.25 0.00 0.0368304 46.0116 45.6731
4 96.75 0.00 141.75 0.00 123.75 0.00 128.25 0.00 1.61605 24.6013 23.5226
4 38.25 0.00 173.25 0.00 132.75 0.00 146.25 0.00 0.140351 29.5868 27.1232
4 51.75 0.00 186.75 0.00 119.25 0.00 132.75 0.00 0.0177196 27.8826 17.4438
4 101.25 0.00 146.25 0.00 119.25 0.00 123.75 0.00 0.733791 24.743 23.5723
4 105.75 0.00 150.75 0.00 114.75 0.00 119.25 0.00 4.29003 20.0128 19.0406
4 20.25 0.00 200.25 0.00 128.25 0.00 146.25 0.00 0.0154757 4.29482 11.2621
4 105.75 0.00 150.75 0.00 119.25 0.00 123.75 0.00 1.5036 22.818 21.6123
4 60.75 0.00 195.75 0.00 114.75 0.00 128.25 0.00 0.0192646 28.89 10.4941
4 110.25 0.00 155.25 0.00 114.75 0.00 119.25 0.00 18.3055 16.076 15.2725
4 96.75 0.00 141.75 0.00 128.25 0.00 132.75 0.00 4.97933 21.9002 20.831
4 33.75 0.00 168.75 0.00 141.75 0.00 155.25 0.00 2.04771 26.5882 25.2134
4 47.25 0.00 182.25 0.00 128.25 0.00 141.75 0.00 0.0275197 39.3647 28.5249
4 101.25 0.00 146.25 0.00 123.75 0.00 128.25 0.00 0.721837 26.3823 24.8594
4 65.25 0.00 155.25 0.00 137.25 0.00 146.25 0.00 5.89372 23.1285 21.9981
4 78.75 0.00 168.75 0.00 123.75 0.00 132.75 0.00 0.046916 10.5455 16.2541
4 92.25 0.00 182.25 0.00 110.25 0.00 119.25 0.00 0.758213 24.5943 23.9693
4 83.25 0.00 173.25 0.00 119.25 0.00 128.25 0.00 0.0489771 16.6868 15.8611
4 96.75 0.00 186.75 0.00 105.75 0.00 114.75 0.00 6.38538 20.1791 19.1817
4 87.75 0.00 177.75 0.00 114.75 0.00 123.75 0.00 0.136491 24.983 24.1292
4 69.75 0.00 159.75 0.00 132.75 0.00 141.75 0.00 0.692757 25.7439 24.3297
4 74.25 0.00 164.25 0.00 128.25 0.00 137.25 0.00 0.130577 23.2683 22.7096
4 110.25 0.00 155.25 0.00 119.25 0.00 123.75 0.00 4.87289 20.2406 19.1813
4 105.75 0.00 150.75 0.00 123.75 0.00 128.25 0.00 0.713522 25.3105 23.8282
4 42.75 0.00 177.75 0.00 137.25 0.00 150.75 0.00 0.130365 28.891 27.8561
4 56.25 0.00 191.25 0.00 123.75 0.00 137.25 0.00 0.0179802 25.0744 26.5902
4 96.75 0.00 141.75 0.00 132.75 0.00 137.25 0.00 19.6764 17.0629 16.2267
4 101.25 0.00 146.25 0.00 128.25 0.00 132.75 0.00 1.59185 24.4961 23.1996
4 38.25 0.00 173.25 0.00 146.25 0.00 159.75 0.00 2.07953 25.9086 24.5869
4 51.75 0.00 186.75 0.00 132.75 0.00 146.25 0.00 0.027686 28.1299 23.7096
4 101.25 0.00 146.25 0.00 132.75 0.00 137.25 0.00 4.87765 21.1179 20.0738
4 110.25 0.00 155.25 0.00 123.75 0.00 128.25 0.00 1.64142 23.2941 22.1214
4 65.25 0.00 200.25 0.00 119.25 0.00 132.75 0.00 0.0197252 12.8307 7.53314
4 114.75 0.00 159.75 0.00 119.25 0.00 123.75 0.00 18.8065 15.9276 15.1384
4 105.75 0.00 150.75 0.00 128.25 0.00 132.75 0.00 0.746249 25.5471 24.1866
4 101.25 0.00 191.25 0.00 110.25 0.00 119.25 0.00 6.21026 20.648 19.6208
4 78.75 0.00 168.75 0.00 132.75 0.00 141.75 0.00 0.123267 24.9722 24.8399
4 69.75 0.00 159.75 0.00 141.75 0.00 150.75 0.00 5.82876 22.9272 21.7829
4 92.25 0.00 182.25 0.00 119.25 0.00 128.25 0.00 0.139774 22.684 21.7131
4 87.75 0.00 177.75 0.00 123.75 0.00 132.75 0.00 0.0493487 26.4321 25.9076
4 83.25 0.00 173.25 0.00 128.25 0.00 137.25 0.00 0.0477202 20.1057 21.1308
4 74.25 0.00 164.25 0.00 137.25 0.00 146.25 0.00 0.684577 26.3377 25.0921
4 96.75 0.00 186.75 0.00 114.75 0.00 123.75 0.00 0.711955 24.2448 22.9361
4 105.75 0.00 150.75 0.00 132.75 0.00 137.25 0.00 1.6703 23.6148 22.3859
4 110.25 0.00 155.25 0.00 128.25 0.00 132.75 0.00 0.766445 25.6553 24.3376
4 60.75 0.00 195.75 0.00 128.25 0.00 141.75 0.00 0.0169306 40.4145 39.1213
4 101.25 0.00 146.25 0.00 137.25 0.00 141.75 0.00 17.2505 17.0549 16.2074
4 47.25 0.00 182.25 0.00 141.75 0.00 155.25 0.00 0.115925 29.6035 28.6096
4 114.75 0.00 159.75 0.00 123.75 0.00 128.25 0.00 4.9385 20.3449 19.281
4 20.25 0.00 200.25 0.00 146.25 0.00 164.25 0.00 0.0330204 22.2269 24.4221
4 42.75 0.00 177.75 0.00 150.75 0.00 164.25 0.00 2.02455 25.7012 24.4587
4 110.25 0.00 155.25 0.00 132.75 0.00 137.25 0.00 0.759328 23.1309 21.9887
4 114.75 0.00 159.75 0.00 128.25 0.00 132.75 0.00 1.68767 23.4418 22.2808
4 56.25 0.00 191.25 0.00 137.25 0.00 150.75 0.00 0.0261048 26.7925 25.6053
4 105.75 0.00 150.75 0.00 137.25 0.00 141.75 0.00 4.52571 21.1235 20.0606
4 119.25 0.00 164.25 0.00 123.75 0.00 128.25 0.00 17.9876 15.5658 14.7873
4 83.25 0.00 173.25 0.00 137.25 0.00 146.25 0.00 0.125734 23.1762 22.1074
4 105.75 0.00 195.75 0.00 114.75 0.00 123.75 0.00 5.67415 20.9939 19.9965
4 74.25 0.00 164.25 0.00 146.25 0.00 155.25 0.00 5.76282 22.1634 21.0536
4 96.75 0.00 186.75 0.00 123.75 0.00 132.75 0.00 0.139472 24.3635 23.038
4 92.25 0.00 182.25 0.00 128.25 0.00 137.25 0.00 0.0503895 23.5781 24.3653
4 87.75 0.00 177.75 0.00 132.75 0.00 141.75 0.00 0.0439571 25.4008 29.9949
4 78.75 0.00 168.75 0.00 141.75 0.00 150.75 0.00 0.667164 28.3517 26.9017
4 101.25 0.00 191.25 0.00 119.25 0.00 128.25 0.00 0.749432 24.4202 22.9986
4 105.75 0.00 150.75 0.00 141.75 0.00 146.25 0.00 19.4994 17.7338 16.8417
4 110.25 0.00 155.25 0.00 137.25 0.00 141.75 0.00 1.43332 22.2465 21.2899
4 51.75 0.00 186.75 0.00 146.25 0.00 159.75 0.00 0.106491 31.0063 29.2272
4 119.25 0.00 164.25 0.00 128.25 0.00 132.75 0.00 4.75857 20.0541 19.0325
4 65.25 0.00 200.25 0.00 132.75 0.00 146.25 0.00 0.0175887 43.8017 32.8495
4 114.75 0.00 159.75 0.00 132.75 0.00 137.25 0.00 0.78422 25.5868 24.2695
4 119.25 0.00 164.25 0.00 132.75 0.00 137.25 0.00 1.61939 23.5265 22.377
4 110.25 0.00 155.25 0.00 141.75 0.00 146.25 0.00 4.59754 21.8007 20.753
4 123.75 0.00 168.75 0.00 128.25 0.00 132.75 0.00 17.9413 15.7978 15.0163
4 114.75 0.00 159.75 0.00 137.25 0.00 141.75 0.00 0.681377 25.7079 24.3776
4 60.75 0.00 195.75 0.00 141.75 0.00 155.25 0.00 0.0248048 45.7051 46.9996
4 47.25 0.00 182.25 0.00 155.25 0.00 168.75 0.00 1.76558 25.2292 23.9906
4 96.75 0.00 186.75 0.00 132.75 0.00 141.75 0.00 0.0480692 24.8585 24.1746
4 78.75 0.00 168.75 0.00 150.75 0.00 159.75 0.00 5.78042 21.845 20.7602
4 101.25 0.00 191.25 0.00 128.25 0.00 137.25 0.00 0.145217 24.8407 23.3545
4 92.25 0.00 182.25 0.00 137.25 0.00 146.25 0.00 0.0422383 23.2149 24.1111
4 83.25 0.00 173.25 0.00 146.25 0.00 155.25 0.00 0.68355 29.4266 27.8157
4 105.75 0.00 195.75 0.00 123.75 0.00 132.75 0.00 0.72653 24.2971 23.0902
4 110.25 0.00 200.25 0.00 119.25 0.00 128.25 0.00 6.39862 20.8162 19.7799
4 87.75 0.00 177.75 0.00 141.75 0.00 150.75 0.00 0.118601 25.583 25.4628
4 110.25 0.00 155.25 0.00 146.25 0.00 150.75 0.00 17.2486 16.8307 15.9901
4 56.25 0.00 191.25 0.00 150.75 0.00 164.25 0.00 0.0998796 31.2167 29.7157
4 123.75 0.00 168.75 0.00 132.75 0.00 137.25 0.00 4.72413 20.6886 19.6152
4 114.75 0.00 159.75 0.00 141.75 0.00 146.25 0.00 1.56701 25.5582 24.2485
4 119.25 0.00 164.25 0.00 137.25 0.00 141.75 0.00 0.67162 24.846 23.6519
4 20.25 0.00 200.25 0.00 164.25 0.00 182.25 0.00 0.491989 26.8101 25.2896
4 123.75 0.00 168.75 0.00 137.25 0.00 141.75 0.00 1.4388 22.9294 21.7876
4 51.75 0.00 186.75 0.00 159.75 0.00 173.25 0.00 1.57931 24.7332 23.4465
4 65.25 0.00 200.25 0.00 146.25 0.00 159.75 0.00 0.0233373 50.8549 44.8198
4 114.75 0.00 159.75 0.00 146.25 0.00 150.75 0.00 4.39936 21.7439 20.6419
4 128.25 0.00 173.25 0.00 132.75 0.00 137.25 0.00 17.7578 16.1167 15.3654
4 119.25 0.00 164.25 0.00 141.75 0.00 146.25 0.00 0.723176 27.4898 26.1465
4 83.25 0.00 173.25 0.00 155.25 0.00 164.25 0.00 5.73254 21.2469 20.1909
4 105.75 0.00 195.75 0.00 132.75 0.00 141.75 0.00 0.136082 22.8191 21.7005
4 92.25 0.00 182.25 0.00 146.25 0.00 155.25 0.00 0.103916 27.5094 27.4633
4 87.75 0.00 177.75 0.00 150.75 0.00 159.75 0.00 0.671104 29.6248 28.0984
4 110.25 0.00 200.25 0.00 128.25 0.00 137.25 0.00 0.798793 25.211 23.83
4 101.25 0.00 191.25 0.00 137.25 0.00 146.25 0.00 0.0481466 23.9982 22.3316
4 96.75 0.00 186.75 0.00 141.75 0.00 150.75 0.00 0.040641 15.3879 22.4745
4 128.25 0.00 173.25 0.00 137.25 0.00 141.75 0.00 4.20099 19.6127 18.7369
4 60.75 0.00 195.75 0.00 155.25 0.00 168.75 0.00 0.0903175 27.332 26.6106
4 114.75 0.00 159.75 0.00 150.75 0.00 155.25 0.00 18.5165 16.8754 16.0303
4 123.75 0.00 168.75 0.00 141.75 0.00 146.25 0.00 0.766012 27.5225 26.1261
4 119.25 0.00 164.25 0.00 146.25 0.00 150.75 0.00 1.40965 24.5486 23.3274
4 123.75 0.00 168.75 0.00 146.25 0.00 150.75 0.00 0.668061 27.8489 26.319
4 128.25 0.00 173.25 0.00 141.75 0.00 146.25 0.00 1.67065 25.0332 23.8339
4 56.25 0.00 191.25 0.00 164.25 0.00 177.75 0.00 1.58486 25.4145 24.1129
4 132.75 0.00 177.75 0.00 137.25 0.00 141.75 0.00 16.0212 14.8915 14.1579
4 119.25 0.00 164.25 0.00 150.75 0.00 155.25 0.00 4.48008 21.3432 20.2818
4 101.25 0.00 191.25 0.00 146.25 0.00 155.25 0.00 0.0378592 17.5268 29.9483
4 105.75 0.00 195.75 0.00 141.75 0.00 150.75 0.00 0.0486718 17.6047 16.0105
4 92.25 0.00 182.25 0.00 155.25 0.00 164.25 0.00 0.570678 28.9556 27.5549
4 110.25 0.00 200.25 0.00 137.25 0.00 146.25 0.00 0.138763 27.3988 25.0309
4 96.75 0.00 186.75 0.00 150.75 0.00 159.75 0.00 0.0967255 28.3199 29.3302
4 87.75 0.00 177.75 0.00 159.75 0.00 168.75 0.00 5.81274 22.3311 21.2261
4 123.75 0.00 168.75 0.00 150.75 0.00 155.25 0.00 1.47504 25.6045 24.306
4 128.25 0.00 173.25 0.00 146.25 0.00 150.75 0.00 0.696387 27.2547 25.8978
4 132.75 0.00 177.75 0.00 141.75 0.00 146.25 0.00 5.06475 22.0391 20.9717
4 119.25 0.00 164.25 0.00 155.25 0.00 159.75 0.00 18.6461 14.567 13.8369
4 65.25 0.00 200.25 0.00 159.75 0.00 173.25 0.00 0.0795666 25.9571 22.5037
4 123.75 0.00 168.75 0.00 155.25 0.00 159.75 0.00 4.42753 20.2805 19.2719
4 137.25 0.00 182.25 0.00 141.75 0.00 146.25 0.00 19.8639 17.1789 16.312
4 128.25 0.00 173.25 0.00 150.75 0.00 155.25 0.00 0.705125 28.7576 27.2734
4 132.75 0.00 177.75 0.00 146.25 0.00 150.75 0.00 1.5482 24.8481 23.6347
4 60.75 0.00 195.75 0.00 168.75 0.00 182.25 0.00 1.56437 25.4057 24.1505
4 96.75 0.00 186.75 0.00 159.75 0.00 168.75 0.00 0.525751 26.5038 25.2158
4 101.25 0.00 191.25 0.00 155.25 0.00 164.25 0.00 0.0914121 26.5182 27.3051
4 110.25 0.00 200.25 0.00 146.25 0.00 155.25 0.00 0.0475551 22.3288 19.4073
4 105.75 0.00 195.75 0.00 150.75 0.00 159.75 0.00 0.0356709 31.6023 31.7456
4 92.25 0.00 182.25 0.00 164.25 0.00 173.25 0.00 4.93608 21.7557 20.6758
4 123.75 0.00 168.75 0.00 159.75 0.00 164.25 0.00 17.9258 14.4647 13.7366
4 137.25 0.00 182.25 0.00 146.25 0.00 150.75 0.00 4.75625 21.1981 20.0808
4 132.75 0.00 177.75 0.00 150.75 0.00 155.25 0.00 0.737178 28.7822 27.437
4 128.25 0.00 173.25 0.00 155.25 0.00 159.75 0.00 1.47995 23.9762 22.7689
4 65.25 0.00 200.25 0.00 173.25 0.00 186.75 0.00 1.45639 24.7918 23.4518
4 128.25 0.00 173.25 0.00 159.75 0.00 164.25 0.00 4.36838 20.5543 19.5624
4 137.25 0.00 182.25 0.00 150.75 0.00 155.25 0.00 1.66979 24.3348 23.0077
4 132.75 0.00 177.75 0.00 155.25 0.00 159.75 0.00 0.676409 26.2441 25.4693
4 141.75 0.00 186.75 0.00 146.25 0.00 150.75 0.00 17.4853 17.266 16.4058
4 96.75 0.00 186.75 0.00 168.75 0.00 177.75 0.00 4.87148 22.1784 21.065
4 101.25 0.00 191.25 0.00 164.25 0.00 173.25 0.00 0.484139 26.6416 25.3599
4 105.75 0.00 195.75 0.00 159.75 0.00 168.75 0.00 0.0823135 25.2452 22.1224
4 110.25 0.00 200.25 0.00 155.25 0.00 164.25 0.00 0.0348442 33.8224 31.237
4 128.25 0.00 173.25 0.00 164.25 0.00 168.75 0.00 18.1435 16.4166 15.6085
4 141.75 0.00 186.75 0.00 150.75 0.00 155.25 0.00 4.77832 21.7177 20.6319
4 137.25 0.00 182.25 0.00 155.25 0.00 159.75 0.00 0.674081 26.5506 24.7425
4 132.75 0.00 177.75 0.00 159.75 0.00 164.25 0.00 1.44336 24.0493 22.9765
4 146.25 0.00 191.25 0.00 150.75 0.00 155.25 0.00 19.6907 17.7019 16.82
4 137.25 0.00 182.25 0.00 159.75 0.00 164.25 0.00 0.613464 26.9591 25.2101
4 141.75 0.00 186.75 0.00 155.25 0.00 159.75 0.00 1.43907 24.1401 22.9641
4 132.75 0.00 177.75 0.00 164.25 0.00 168.75 0.00 4.4895 21.683 20.621
4 110.25 0.00 200.25 0.00 164.25 0.00 173.25 0.00 0.0716327 25.7564 24.0038
4 101.25 0.00 191.25 0.00 173.25 0.00 182.25 0.00 5.35268 22.4341 21.3117
4 105.75 0.00 195.75 0.00 168.75 0.00 177.75 0.00 0.446686 26.9599 25.0223
4 141.75 0.00 186.75 0.00 159.75 0.00 164.25 0.00 0.652405 26.7077 25.4719
4 132.75 0.00 177.75 0.00 168.75 0.00 173.25 0.00 16.9012 17.1092 16.2592
4 146.25 0.00 191.25 0.00 155.25 0.00 159.75 0.00 4.48612 21.9704 20.8443
4 137.25 0.00 182.25 0.00 164.25 0.00 168.75 0.00 1.28161 24.8264 23.485
4 141.75 0.00 186.75 0.00 164.25 0.00 168.75 0.00 0.562217 26.1934 25.3507
4 146.25 0.00 191.25 0.00 159.75 0.00 164.25 0.00 1.53563 25.5836 24.282
4 150.75 0.00 195.75 0.00 155.25 0.00 159.75 0.00 17.3442 17.3827 16.5416
4 137.25 0.00 182.25 0.00 168.75 0.00 173.25 0.00 3.77114 21.2126 20.1306
4 110.25 0.00 200.25 0.00 173.25 0.00 182.25 0.00 0.434284 26.8445 25.3389
4 105.75 0.00 195.75 0.00 177.75 0.00 186.75 0.00 5.18279 22.9798 21.8005
4 137.25 0.00 182.25 0.00 173.25 0.00 177.75 0.00 17.4815 17.883 16.9846
4 141.75 0.00 186.75 0.00 168.75 0.00 173.25 0.00 1.13789 23.2518 22.1915
4 150.75 0.00 195.75 0.00 159.75 0.00 164.25 0.00 4.54062 22.2467 21.2208
4 146.25 0.00 191.25 0.00 164.25 0.00 168.75 0.00 0.62554 26.5238 25.1098
4 146.25 0.00 191.25 0.00 168.75 0.00 173.25 0.00 0.532806 27.0081 25.4362
4 141.75 0.00 186.75 0.00 173.25 0.00 177.75 0.00 3.84856 22.2678 21.1709
4 150.75 0.00 195.75 0.00 164.25 0.00 168.75 0.00 1.39651 24.369 23.1991
4 155.25 0.00 200.25 0.00 159.75 0.00 164.25 0.00 18.587 17.1259 16.277
4 110.25 0.00 200.25 0.00 182.25 0.00 191.25 0.00 5.14351 22.629 21.5199
4 141.75 0.00 186.75 0.00 177.75 0.00 182.25 0.00 18.5345 18.2737 17.3682
4 146.25 0.00 191.25 0.00 173.25 0.00 177.75 0.00 1.18779 25.3422 24.0386
4 150.75 0.00 195.75 0.00 168.75 0.00 173.25 0.00 0.589601 27.8252 26.4343
4 155.25 0.00 200.25 0.00 164.25 0.00 168.75 0.00 4.41989 21.0098 19.9853
4 155.25 0.00 200.25 0.00 168.75 0.00 173.25 0.00 1.40769 25.384 24.0111
4 146.25 0.00 191.25 0.00 177.75 0.00 182.25 0.00 4.28461 21.9802 20.8833
4 150.75 0.00 195.75 0.00 173.25 0.00 177.75 0.00 0.518929 29.8305 27.909
4 150.75 0.00 195.75 0.00 177.75 0.00 182.25 0.00 1.20362 24.3862 22.9421
4 155.25 0.00 200.25 0.00 173.25 0.00 177.75 0.00 0.609394 28.3411 26.8301
4 146.25 0.00 191.25 0.00 182.25 0.00 186.75 0.00 19.6313 18.4533 17.5451
4 155.25 0.00 200.25 0.00 177.75 0.00 182.25 0.00 0.522386 28.4658 26.9192
4 150.75 0.00 195.75 0.00 182.25 0.00 186.75 0.00 4.08768 22.2716 21.1635
4 150.75 0.00 195.75 0.00 186.75 0.00 191.25 0.00 20.9295 19.2175 18.2603
4 155.25 0.00 200.25 0.00 182.25 0.00 186.75 0.00 1.09452 24.1892 23.0465
4 155.25 0.00 200.25 0.00 186.75 0.00 191.25 0.00 4.14603 22.7026 21.5409
4 155.25 0.00 200.25 0.00 191.25 0.00 195.75 0.00 19.4402 0.0192826 0.0183144
0
0
0
0
0
0
0
0
