ACACIAS Schlumberger_1
4.50
11
7
Type of measurement (0=app.resistivity,1=resistance)
1
524
2
11
Chargeability
mV/V
2 0.01 0.02 0.02 0.80 0.50
4 20.25 0.00 33.75 0.00 24.75 0.00 29.25 0.00 34.972 16.0413 15.2181
4 24.75 0.00 38.25 0.00 29.25 0.00 33.75 0.00 35.4345 15.4854 14.7749
4 20.25 0.00 42.75 0.00 29.25 0.00 33.75 0.00 8.40386 19.5355 18.5694
4 20.25 0.00 47.25 0.00 29.25 0.00 38.25 0.00 11.4736 20.2963 19.2344
4 24.75 0.00 47.25 0.00 33.75 0.00 38.25 0.00 9.13995 19.9442 18.9607
4 29.25 0.00 42.75 0.00 33.75 0.00 38.25 0.00 36.9736 15.6667 14.8868
4 20.25 0.00 51.75 0.00 33.75 0.00 38.25 0.00 2.7061 22.769 21.5037
4 24.75 0.00 51.75 0.00 33.75 0.00 42.75 0.00 11.9787 20.7479 19.7171
4 33.75 0.00 47.25 0.00 38.25 0.00 42.75 0.00 37.8269 15.7756 14.982
4 24.75 0.00 56.25 0.00 38.25 0.00 42.75 0.00 2.81485 23.0581 21.8283
4 20.25 0.00 60.75 0.00 33.75 0.00 47.25 0.00 3.93591 23.2609 21.9476
4 29.25 0.00 51.75 0.00 38.25 0.00 42.75 0.00 9.36213 20.3181 19.2877
4 20.25 0.00 60.75 0.00 38.25 0.00 42.75 0.00 0.9711 24.2351 22.7355
4 29.25 0.00 56.25 0.00 38.25 0.00 47.25 0.00 10.7657 -1.50184 -0.616214
4 20.25 0.00 65.25 0.00 38.25 0.00 47.25 0.00 1.32559 23.7331 22.7204
4 38.25 0.00 51.75 0.00 42.75 0.00 47.25 0.00 35.9761 15.0022 14.3095
4 33.75 0.00 56.25 0.00 42.75 0.00 47.25 0.00 8.34956 -57.0156 -51.1112
4 29.25 0.00 60.75 0.00 42.75 0.00 47.25 0.00 3.5445 -48.7617 -38.6934
4 24.75 0.00 65.25 0.00 42.75 0.00 47.25 0.00 0.960805 20.5901 19.7339
4 24.75 0.00 65.25 0.00 38.25 0.00 51.75 0.00 4.1997 22.6548 21.6395
4 20.25 0.00 74.25 0.00 38.25 0.00 56.25 0.00 1.60349 23.0128 21.8008
4 33.75 0.00 60.75 0.00 42.75 0.00 51.75 0.00 11.4618 19.817 18.8445
4 24.75 0.00 69.75 0.00 42.75 0.00 51.75 0.00 1.42993 23.4061 22.469
4 29.25 0.00 69.75 0.00 47.25 0.00 51.75 0.00 0.633595 -813.597 -705.181
4 38.25 0.00 60.75 0.00 47.25 0.00 51.75 0.00 9.08533 19.1838 18.2326
4 33.75 0.00 65.25 0.00 47.25 0.00 51.75 0.00 0.791108 -20.2437 6.687
4 42.75 0.00 56.25 0.00 47.25 0.00 51.75 0.00 37.0264 15.3971 14.5935
4 29.25 0.00 69.75 0.00 42.75 0.00 56.25 0.00 4.26363 23.0487 21.9411
4 29.25 0.00 74.25 0.00 47.25 0.00 56.25 0.00 1.32588 -446.488 -396.713
4 24.75 0.00 78.75 0.00 42.75 0.00 60.75 0.00 1.59473 22.7822 21.5147
4 38.25 0.00 65.25 0.00 47.25 0.00 56.25 0.00 11.5543 19.1107 18.1574
4 20.25 0.00 83.25 0.00 47.25 0.00 56.25 0.00 0.261871 22.7614 21.0866
4 38.25 0.00 69.75 0.00 51.75 0.00 56.25 0.00 2.82028 21.1838 20.1305
4 47.25 0.00 60.75 0.00 51.75 0.00 56.25 0.00 33.7933 14.7411 13.976
4 33.75 0.00 74.25 0.00 51.75 0.00 56.25 0.00 0.995381 22.69 21.5969
4 42.75 0.00 65.25 0.00 51.75 0.00 56.25 0.00 8.72558 19.0458 18.092
4 33.75 0.00 74.25 0.00 47.25 0.00 60.75 0.00 3.41458 78.8448 79.1246
4 20.25 0.00 87.75 0.00 42.75 0.00 65.25 0.00 0.715697 22.3459 21.2817
4 20.25 0.00 87.75 0.00 47.25 0.00 60.75 0.00 0.305412 19.0667 18.0752
4 29.25 0.00 83.25 0.00 47.25 0.00 65.25 0.00 0.0140801 -69088.5 -65747.8
4 24.75 0.00 87.75 0.00 51.75 0.00 60.75 0.00 0.258788 19.2185 18.7503
4 33.75 0.00 78.75 0.00 51.75 0.00 60.75 0.00 1.34047 22.3795 21.4051
4 42.75 0.00 69.75 0.00 51.75 0.00 60.75 0.00 11.6182 19.4344 18.4821
4 47.25 0.00 69.75 0.00 56.25 0.00 60.75 0.00 8.23857 18.867 17.8709
4 24.75 0.00 92.25 0.00 51.75 0.00 65.25 0.00 0.315753 18.8543 18.507
4 38.25 0.00 78.75 0.00 51.75 0.00 65.25 0.00 4.04418 21.7521 20.65
4 42.75 0.00 74.25 0.00 56.25 0.00 60.75 0.00 2.68604 21.1088 20.0717
4 24.75 0.00 92.25 0.00 47.25 0.00 69.75 0.00 0.756693 17.0839 16.3912
4 51.75 0.00 65.25 0.00 56.25 0.00 60.75 0.00 31.7812 14.5128 13.803
4 38.25 0.00 78.75 0.00 56.25 0.00 60.75 0.00 0.935858 22.4137 21.3306
4 47.25 0.00 74.25 0.00 56.25 0.00 65.25 0.00 10.8599 19.3916 18.4152
4 20.25 0.00 101.25 0.00 56.25 0.00 65.25 0.00 0.0737271 4.17259 5.58194
4 29.25 0.00 92.25 0.00 56.25 0.00 65.25 0.00 0.265032 15.8264 15.6492
4 33.75 0.00 87.75 0.00 51.75 0.00 69.75 0.00 1.63874 22.4954 21.5242
4 20.25 0.00 101.25 0.00 47.25 0.00 74.25 0.00 0.378939 21.814 20.2096
4 38.25 0.00 83.25 0.00 56.25 0.00 65.25 0.00 1.381 23.7658 22.4727
4 56.25 0.00 69.75 0.00 60.75 0.00 65.25 0.00 31.8462 14.596 13.8323
4 42.75 0.00 83.25 0.00 60.75 0.00 65.25 0.00 1.00564 24.9588 23.6238
4 29.25 0.00 96.75 0.00 56.25 0.00 69.75 0.00 0.315858 17.3262 17.219
4 42.75 0.00 83.25 0.00 56.25 0.00 69.75 0.00 4.13816 22.3699 21.262
4 51.75 0.00 74.25 0.00 60.75 0.00 65.25 0.00 8.38647 18.9551 18.0102
4 29.25 0.00 96.75 0.00 51.75 0.00 74.25 0.00 0.802055 23.0669 22.0664
4 47.25 0.00 78.75 0.00 60.75 0.00 65.25 0.00 2.60671 21.9252 20.5461
4 42.75 0.00 87.75 0.00 60.75 0.00 69.75 0.00 1.37761 25.1632 23.7775
4 24.75 0.00 105.75 0.00 51.75 0.00 78.75 0.00 0.390093 23.0267 21.6125
4 20.25 0.00 110.25 0.00 56.25 0.00 74.25 0.00 0.105833 22.2157 22.7675
4 24.75 0.00 105.75 0.00 60.75 0.00 69.75 0.00 0.0735759 -15.0303 -14.2011
4 38.25 0.00 92.25 0.00 56.25 0.00 74.25 0.00 1.73843 23.5129 22.0293
4 51.75 0.00 78.75 0.00 60.75 0.00 69.75 0.00 10.7232 19.3924 18.4007
4 33.75 0.00 96.75 0.00 60.75 0.00 69.75 0.00 0.266547 22.6991 21.8566
4 20.25 0.00 114.75 0.00 60.75 0.00 74.25 0.00 0.0589905 20.1284 20.735
4 51.75 0.00 83.25 0.00 65.25 0.00 69.75 0.00 2.71445 20.7738 19.8733
4 33.75 0.00 101.25 0.00 56.25 0.00 78.75 0.00 0.767695 22.1852 21.0036
4 20.25 0.00 114.75 0.00 51.75 0.00 83.25 0.00 0.197395 17.8554 17.3955
4 60.75 0.00 74.25 0.00 65.25 0.00 69.75 0.00 30.3891 13.6366 12.9586
4 47.25 0.00 87.75 0.00 65.25 0.00 69.75 0.00 0.961906 24.5986 23.3978
4 56.25 0.00 78.75 0.00 65.25 0.00 69.75 0.00 7.76822 17.8734 16.9047
4 47.25 0.00 87.75 0.00 60.75 0.00 74.25 0.00 4.21759 22.2826 21.1903
4 33.75 0.00 101.25 0.00 60.75 0.00 74.25 0.00 0.319271 20.6438 19.494
4 42.75 0.00 96.75 0.00 60.75 0.00 78.75 0.00 1.8311 23.4278 22.22
4 38.25 0.00 101.25 0.00 65.25 0.00 74.25 0.00 0.27565 22.9375 21.6683
4 29.25 0.00 110.25 0.00 56.25 0.00 83.25 0.00 0.353873 23.493 21.2479
4 24.75 0.00 114.75 0.00 60.75 0.00 78.75 0.00 0.106621 16.3267 16.0993
4 47.25 0.00 92.25 0.00 65.25 0.00 74.25 0.00 1.48924 22.8636 21.7801
4 56.25 0.00 83.25 0.00 65.25 0.00 74.25 0.00 11.5795 18.7015 17.7299
4 29.25 0.00 110.25 0.00 65.25 0.00 74.25 0.00 0.0767731 48.9216 41.4777
4 60.75 0.00 83.25 0.00 69.75 0.00 74.25 0.00 9.07016 17.8615 16.8759
4 38.25 0.00 105.75 0.00 65.25 0.00 78.75 0.00 0.332302 23.1743 21.2517
4 24.75 0.00 119.25 0.00 65.25 0.00 78.75 0.00 0.0610753 29.4504 27.7473
4 38.25 0.00 105.75 0.00 60.75 0.00 83.25 0.00 0.729731 24.6939 23.0815
4 56.25 0.00 87.75 0.00 69.75 0.00 74.25 0.00 2.93402 20.7371 19.6405
4 51.75 0.00 92.25 0.00 69.75 0.00 74.25 0.00 1.1372 22.8963 21.4794
4 65.25 0.00 78.75 0.00 69.75 0.00 74.25 0.00 33.5782 13.6065 12.9158
4 51.75 0.00 92.25 0.00 65.25 0.00 78.75 0.00 4.46913 21.4259 20.2451
4 24.75 0.00 119.25 0.00 56.25 0.00 87.75 0.00 0.188244 6.51082 6.18129
4 33.75 0.00 114.75 0.00 69.75 0.00 78.75 0.00 0.0783616 27.9924 24.5442
4 60.75 0.00 87.75 0.00 69.75 0.00 78.75 0.00 11.5028 17.7883 16.8852
4 47.25 0.00 101.25 0.00 65.25 0.00 83.25 0.00 1.6373 23.1093 21.7348
4 42.75 0.00 105.75 0.00 69.75 0.00 78.75 0.00 0.293751 24.1991 22.196
4 51.75 0.00 96.75 0.00 69.75 0.00 78.75 0.00 1.61798 23.5711 22.5042
4 33.75 0.00 114.75 0.00 60.75 0.00 87.75 0.00 0.350939 20.2878 19.3275
4 29.25 0.00 119.25 0.00 65.25 0.00 83.25 0.00 0.100465 38.2826 30.783
4 56.25 0.00 96.75 0.00 74.25 0.00 78.75 0.00 1.12975 22.7385 21.3203
4 69.75 0.00 83.25 0.00 74.25 0.00 78.75 0.00 33.9267 12.7583 12.0986
4 29.25 0.00 123.75 0.00 60.75 0.00 92.25 0.00 0.199651 14.4874 13.6393
4 56.25 0.00 96.75 0.00 69.75 0.00 83.25 0.00 4.21798 21.9814 20.7715
4 65.25 0.00 87.75 0.00 74.25 0.00 78.75 0.00 8.58262 16.9641 16.1022
4 42.75 0.00 110.25 0.00 69.75 0.00 83.25 0.00 0.307817 18.6559 17.9415
4 60.75 0.00 92.25 0.00 74.25 0.00 78.75 0.00 2.93876 20.4471 19.2731
4 29.25 0.00 123.75 0.00 69.75 0.00 83.25 0.00 0.0595031 42.27 38.008
4 20.25 0.00 132.75 0.00 65.25 0.00 87.75 0.00 0.0542884 46.2057 39.1768
4 42.75 0.00 110.25 0.00 65.25 0.00 87.75 0.00 0.753354 30.7039 29.6086
4 33.75 0.00 123.75 0.00 69.75 0.00 87.75 0.00 0.104922 30.8913 27.0201
4 38.25 0.00 119.25 0.00 65.25 0.00 92.25 0.00 0.36027 22.1243 20.4815
4 56.25 0.00 101.25 0.00 74.25 0.00 83.25 0.00 1.37456 23.76 22.2402
4 65.25 0.00 92.25 0.00 74.25 0.00 83.25 0.00 10.4171 18.1552 17.212
4 38.25 0.00 119.25 0.00 74.25 0.00 83.25 0.00 0.0707937 20.7268 18.0649
4 51.75 0.00 105.75 0.00 69.75 0.00 87.75 0.00 1.78954 23.0157 21.2278
4 47.25 0.00 110.25 0.00 74.25 0.00 83.25 0.00 0.254567 21.9088 21.7289
4 65.25 0.00 96.75 0.00 78.75 0.00 83.25 0.00 2.44111 20.6682 19.5613
4 47.25 0.00 114.75 0.00 69.75 0.00 92.25 0.00 0.74638 23.5228 21.9233
4 60.75 0.00 101.25 0.00 78.75 0.00 83.25 0.00 0.879529 22.3679 21.7258
4 74.25 0.00 87.75 0.00 78.75 0.00 83.25 0.00 28.0603 11.6695 11.1061
4 69.75 0.00 92.25 0.00 78.75 0.00 83.25 0.00 7.10007 16.7014 15.8701
4 60.75 0.00 101.25 0.00 74.25 0.00 87.75 0.00 4.15402 21.1211 20.2414
4 47.25 0.00 114.75 0.00 74.25 0.00 87.75 0.00 0.304726 23.8692 21.9132
4 33.75 0.00 128.25 0.00 65.25 0.00 96.75 0.00 0.204727 27.8538 23.5612
4 20.25 0.00 141.75 0.00 74.25 0.00 87.75 0.00 0.0232513 52.2908 51.2224
4 33.75 0.00 128.25 0.00 74.25 0.00 87.75 0.00 0.0580281 29.0892 22.4789
4 24.75 0.00 137.25 0.00 69.75 0.00 92.25 0.00 0.0492098 45.5246 41.6951
4 20.25 0.00 146.25 0.00 74.25 0.00 92.25 0.00 0.0303923 10.6681 18.0707
4 51.75 0.00 114.75 0.00 78.75 0.00 87.75 0.00 0.251408 18.8711 18.4324
4 56.25 0.00 110.25 0.00 74.25 0.00 92.25 0.00 1.71769 24.2153 22.8886
4 60.75 0.00 105.75 0.00 78.75 0.00 87.75 0.00 1.3979 23.1886 21.9155
4 69.75 0.00 96.75 0.00 78.75 0.00 87.75 0.00 10.758 18.4367 17.5148
4 42.75 0.00 123.75 0.00 69.75 0.00 96.75 0.00 0.373955 20.9847 19.9896
4 38.25 0.00 128.25 0.00 74.25 0.00 92.25 0.00 0.105666 21.2242 21.8908
4 42.75 0.00 123.75 0.00 78.75 0.00 87.75 0.00 0.0699416 39.4002 37.4684
4 74.25 0.00 96.75 0.00 83.25 0.00 87.75 0.00 9.19122 17.7634 16.853
4 65.25 0.00 105.75 0.00 78.75 0.00 92.25 0.00 4.23656 21.5926 20.6135
4 69.75 0.00 101.25 0.00 83.25 0.00 87.75 0.00 2.85294 19.8345 18.7778
4 51.75 0.00 119.25 0.00 78.75 0.00 92.25 0.00 0.307179 35.7761 34.2796
4 29.25 0.00 141.75 0.00 74.25 0.00 96.75 0.00 0.0534167 27.0442 23.6867
4 78.75 0.00 92.25 0.00 83.25 0.00 87.75 0.00 33.3246 12.6815 12.0296
4 24.75 0.00 146.25 0.00 78.75 0.00 92.25 0.00 0.0150739 77.2532 55.1214
4 38.25 0.00 132.75 0.00 78.75 0.00 92.25 0.00 0.0577556 22.666 23.9943
4 51.75 0.00 119.25 0.00 74.25 0.00 96.75 0.00 0.754334 22.4051 21.2589
4 65.25 0.00 105.75 0.00 83.25 0.00 87.75 0.00 1.08848 21.2085 20.7486
4 38.25 0.00 132.75 0.00 69.75 0.00 101.25 0.00 0.213431 15.1486 15.4546
4 65.25 0.00 110.25 0.00 83.25 0.00 92.25 0.00 1.47347 25.0967 23.477
4 20.25 0.00 155.25 0.00 74.25 0.00 101.25 0.00 0.0419555 18.222 11.609
4 74.25 0.00 101.25 0.00 83.25 0.00 92.25 0.00 12.1034 18.4848 17.54
4 47.25 0.00 128.25 0.00 74.25 0.00 101.25 0.00 0.376395 21.5799 19.4073
4 47.25 0.00 128.25 0.00 83.25 0.00 92.25 0.00 0.0773201 29.0981 24.2757
4 24.75 0.00 150.75 0.00 78.75 0.00 96.75 0.00 0.0216328 -2.68284 19.7146
4 60.75 0.00 114.75 0.00 78.75 0.00 96.75 0.00 1.61549 22.1194 21.2666
4 56.25 0.00 119.25 0.00 83.25 0.00 92.25 0.00 0.273527 31.7014 29.5856
4 42.75 0.00 132.75 0.00 78.75 0.00 96.75 0.00 0.104253 23.8662 20.66
4 83.25 0.00 96.75 0.00 87.75 0.00 92.25 0.00 30.2625 12.5474 11.9141
4 56.25 0.00 123.75 0.00 78.75 0.00 101.25 0.00 0.743903 22.1641 21.5535
4 69.75 0.00 110.25 0.00 87.75 0.00 92.25 0.00 1.00478 22.1404 21.2162
4 42.75 0.00 137.25 0.00 74.25 0.00 105.75 0.00 0.208129 15.5185 16.4277
4 78.75 0.00 101.25 0.00 87.75 0.00 92.25 0.00 8.74055 17.0376 16.1304
4 69.75 0.00 110.25 0.00 83.25 0.00 96.75 0.00 4.29574 21.5294 20.584
4 56.25 0.00 123.75 0.00 83.25 0.00 96.75 0.00 0.320352 20.7099 20.5364
4 42.75 0.00 137.25 0.00 83.25 0.00 96.75 0.00 0.0612988 17.708 20.1702
4 33.75 0.00 146.25 0.00 78.75 0.00 101.25 0.00 0.0575929 26.9426 19.7797
4 29.25 0.00 150.75 0.00 83.25 0.00 96.75 0.00 0.0217033 13.5018 10.8873
4 74.25 0.00 105.75 0.00 87.75 0.00 92.25 0.00 2.95616 20.5609 19.5481
4 65.25 0.00 119.25 0.00 83.25 0.00 101.25 0.00 1.75023 23.4048 22.3007
4 60.75 0.00 123.75 0.00 87.75 0.00 96.75 0.00 0.268076 16.3068 16.0428
4 69.75 0.00 114.75 0.00 87.75 0.00 96.75 0.00 1.39656 23.5972 22.3921
4 47.25 0.00 137.25 0.00 83.25 0.00 101.25 0.00 0.110512 14.2386 17.6968
4 78.75 0.00 105.75 0.00 87.75 0.00 96.75 0.00 12.0215 18.3319 17.3599
4 51.75 0.00 132.75 0.00 78.75 0.00 105.75 0.00 0.366312 21.1856 19.6504
4 24.75 0.00 159.75 0.00 78.75 0.00 105.75 0.00 0.0393461 29.1842 23.4949
4 29.25 0.00 155.25 0.00 83.25 0.00 101.25 0.00 0.0316133 51.1587 44.1093
4 51.75 0.00 132.75 0.00 87.75 0.00 96.75 0.00 0.0782845 26.1638 23.8547
4 74.25 0.00 114.75 0.00 92.25 0.00 96.75 0.00 1.06368 22.2269 21.1477
4 47.25 0.00 141.75 0.00 87.75 0.00 101.25 0.00 0.0638073 7.56213 13.0283
4 60.75 0.00 128.25 0.00 87.75 0.00 101.25 0.00 0.324712 16.3069 15.6832
4 38.25 0.00 150.75 0.00 83.25 0.00 105.75 0.00 0.0586579 5.74389 11.1608
4 33.75 0.00 155.25 0.00 87.75 0.00 101.25 0.00 0.0277984 8.21091 26.2071
4 60.75 0.00 128.25 0.00 83.25 0.00 105.75 0.00 0.759998 21.7506 20.7795
4 83.25 0.00 105.75 0.00 92.25 0.00 96.75 0.00 8.45843 17.3989 16.5013
4 47.25 0.00 141.75 0.00 78.75 0.00 110.25 0.00 0.213394 18.4101 19.841
4 78.75 0.00 110.25 0.00 92.25 0.00 96.75 0.00 2.96324 21.3696 20.6327
4 87.75 0.00 101.25 0.00 92.25 0.00 96.75 0.00 30.9791 13.2064 12.5773
4 74.25 0.00 114.75 0.00 87.75 0.00 101.25 0.00 4.38428 22.0866 20.9876
4 74.25 0.00 119.25 0.00 92.25 0.00 101.25 0.00 1.558 23.6194 21.9467
4 33.75 0.00 159.75 0.00 87.75 0.00 105.75 0.00 0.032683 14.9043 15.2
4 69.75 0.00 123.75 0.00 87.75 0.00 105.75 0.00 1.68798 24.9994 23.3789
4 83.25 0.00 110.25 0.00 92.25 0.00 101.25 0.00 11.3527 19.0384 18.0297
4 56.25 0.00 137.25 0.00 83.25 0.00 110.25 0.00 0.384138 21.5571 20.4073
4 56.25 0.00 137.25 0.00 92.25 0.00 101.25 0.00 0.0812929 25.0003 23.8921
4 29.25 0.00 164.25 0.00 83.25 0.00 110.25 0.00 0.000257785 -3498.5 -4428.91
4 51.75 0.00 141.75 0.00 87.75 0.00 105.75 0.00 0.11266 21.7581 23.1126
4 65.25 0.00 128.25 0.00 92.25 0.00 101.25 0.00 0.28171 27.6249 25.3526
4 51.75 0.00 146.25 0.00 83.25 0.00 114.75 0.00 0.222574 18.2275 17.0166
4 92.25 0.00 105.75 0.00 96.75 0.00 101.25 0.00 36.8268 14.8926 14.158
4 83.25 0.00 114.75 0.00 96.75 0.00 101.25 0.00 2.89275 21.8116 20.5501
4 20.25 0.00 177.75 0.00 87.75 0.00 110.25 0.00 0.0250633 4.59463 3.01678
4 42.75 0.00 155.25 0.00 87.75 0.00 110.25 0.00 0.059715 17.6283 19.2267
4 78.75 0.00 119.25 0.00 96.75 0.00 101.25 0.00 1.17464 24.0753 22.7009
4 20.25 0.00 177.75 0.00 83.25 0.00 114.75 0.00 0.0337437 29.3904 25.9117
4 87.75 0.00 110.25 0.00 96.75 0.00 101.25 0.00 9.19774 19.4847 18.4703
4 78.75 0.00 119.25 0.00 92.25 0.00 105.75 0.00 4.49755 21.3407 20.1795
4 65.25 0.00 132.75 0.00 87.75 0.00 110.25 0.00 0.778986 23.3881 22.3892
4 51.75 0.00 146.25 0.00 92.25 0.00 105.75 0.00 0.0634258 21.0603 19.5529
4 65.25 0.00 132.75 0.00 92.25 0.00 105.75 0.00 0.324158 17.6823 16.8519
4 38.25 0.00 159.75 0.00 92.25 0.00 105.75 0.00 0.0254091 -3.48113 -8.82365
4 33.75 0.00 168.75 0.00 87.75 0.00 114.75 0.00 0.0426124 19.2229 19.6362
4 74.25 0.00 128.25 0.00 92.25 0.00 110.25 0.00 1.88457 24.4354 23.3233
4 69.75 0.00 132.75 0.00 96.75 0.00 105.75 0.00 0.278701 28.0186 26.4232
4 78.75 0.00 123.75 0.00 96.75 0.00 105.75 0.00 1.57576 23.6867 22.484
4 20.25 0.00 182.25 0.00 92.25 0.00 110.25 0.00 0.0185197 3.71766 0.224283
4 56.25 0.00 146.25 0.00 92.25 0.00 110.25 0.00 0.110113 8.1525 5.74271
4 87.75 0.00 114.75 0.00 96.75 0.00 105.75 0.00 11.4839 19.5529 18.5183
4 60.75 0.00 141.75 0.00 96.75 0.00 105.75 0.00 0.0800255 8.92107 8.47916
4 60.75 0.00 141.75 0.00 87.75 0.00 114.75 0.00 0.393081 18.0787 16.8097
4 38.25 0.00 164.25 0.00 92.25 0.00 110.25 0.00 0.0285968 18.4802 23.3109
4 24.75 0.00 182.25 0.00 92.25 0.00 114.75 0.00 0.0422032 3.98471 4.5268
4 69.75 0.00 137.25 0.00 96.75 0.00 110.25 0.00 0.330312 22.8305 20.8893
4 83.25 0.00 123.75 0.00 96.75 0.00 110.25 0.00 4.48535 22.8714 21.702
4 56.25 0.00 150.75 0.00 87.75 0.00 119.25 0.00 0.217844 12.9714 12.441
4 56.25 0.00 150.75 0.00 96.75 0.00 110.25 0.00 0.0645574 18.1125 17.4768
4 96.75 0.00 110.25 0.00 101.25 0.00 105.75 0.00 33.7176 14.6105 13.8869
4 87.75 0.00 119.25 0.00 101.25 0.00 105.75 0.00 2.75546 21.8629 20.9757
4 47.25 0.00 159.75 0.00 92.25 0.00 114.75 0.00 0.0588014 47.0092 51.8495
4 69.75 0.00 137.25 0.00 92.25 0.00 114.75 0.00 0.78292 22.1647 20.6367
4 42.75 0.00 164.25 0.00 96.75 0.00 110.25 0.00 0.0253315 7.02869 24.9863
4 92.25 0.00 114.75 0.00 101.25 0.00 105.75 0.00 8.54245 18.6456 17.7388
4 83.25 0.00 123.75 0.00 101.25 0.00 105.75 0.00 0.986626 22.0967 21.1501
4 24.75 0.00 182.25 0.00 87.75 0.00 119.25 0.00 0.0463714 37.0709 32.2396
4 38.25 0.00 173.25 0.00 92.25 0.00 119.25 0.00 0.0401861 -3.88138 -3.22209
4 65.25 0.00 146.25 0.00 101.25 0.00 110.25 0.00 0.0780703 25.6006 23.2257
4 74.25 0.00 137.25 0.00 101.25 0.00 110.25 0.00 0.282165 22.1167 19.2898
4 42.75 0.00 168.75 0.00 96.75 0.00 114.75 0.00 0.0325391 1.69192 1.94697
4 78.75 0.00 132.75 0.00 96.75 0.00 114.75 0.00 1.94025 23.765 22.6732
4 92.25 0.00 119.25 0.00 101.25 0.00 110.25 0.00 12.3828 19.9388 18.888
4 83.25 0.00 128.25 0.00 101.25 0.00 110.25 0.00 1.49237 23.4854 22.415
4 65.25 0.00 146.25 0.00 92.25 0.00 119.25 0.00 0.380873 20.6622 19.2649
4 24.75 0.00 186.75 0.00 96.75 0.00 114.75 0.00 0.0275462 -15.8873 -2.92442
4 60.75 0.00 150.75 0.00 96.75 0.00 114.75 0.00 0.114019 19.6829 16.027
4 96.75 0.00 119.25 0.00 105.75 0.00 110.25 0.00 9.94803 19.671 18.6614
4 87.75 0.00 128.25 0.00 105.75 0.00 110.25 0.00 1.15256 21.7046 20.5176
4 60.75 0.00 155.25 0.00 92.25 0.00 123.75 0.00 0.212063 23.1991 22.7631
4 74.25 0.00 141.75 0.00 101.25 0.00 114.75 0.00 0.343293 24.5322 23.6997
4 87.75 0.00 128.25 0.00 101.25 0.00 114.75 0.00 4.54582 22.6583 21.5347
4 92.25 0.00 123.75 0.00 105.75 0.00 110.25 0.00 3.23488 24.7422 23.2478
4 29.25 0.00 186.75 0.00 96.75 0.00 119.25 0.00 0.0280314 -3.49945 1.18856
4 60.75 0.00 155.25 0.00 101.25 0.00 114.75 0.00 0.0618911 34.2125 34.6841
4 51.75 0.00 164.25 0.00 96.75 0.00 119.25 0.00 0.0590108 13.2663 21.9404
4 74.25 0.00 141.75 0.00 96.75 0.00 119.25 0.00 0.831325 24.9181 23.7381
4 47.25 0.00 168.75 0.00 101.25 0.00 114.75 0.00 0.0247132 -2.69048 9.93511
4 29.25 0.00 186.75 0.00 92.25 0.00 123.75 0.00 0.0370432 -7.11087 -0.299682
4 101.25 0.00 114.75 0.00 105.75 0.00 110.25 0.00 38.581 15.9417 15.1635
4 96.75 0.00 123.75 0.00 105.75 0.00 114.75 0.00 12.9622 20.5057 19.4435
4 87.75 0.00 132.75 0.00 105.75 0.00 114.75 0.00 1.57614 23.3581 22.2028
4 69.75 0.00 150.75 0.00 96.75 0.00 123.75 0.00 0.387037 21.8302 21.4661
4 29.25 0.00 191.25 0.00 101.25 0.00 119.25 0.00 0.017103 -79.6593 -51.757
4 65.25 0.00 155.25 0.00 101.25 0.00 119.25 0.00 0.104462 25.3811 22.1748
4 69.75 0.00 150.75 0.00 105.75 0.00 114.75 0.00 0.0807164 0.435968 3.1604
4 42.75 0.00 177.75 0.00 96.75 0.00 123.75 0.00 0.0405235 -5.3198 1.17904
4 83.25 0.00 137.25 0.00 101.25 0.00 119.25 0.00 1.67804 23.726 22.7781
4 47.25 0.00 173.25 0.00 101.25 0.00 119.25 0.00 0.0298298 1.50514 4.19825
4 78.75 0.00 141.75 0.00 105.75 0.00 114.75 0.00 0.299655 25.3513 26.5761
4 65.25 0.00 159.75 0.00 105.75 0.00 119.25 0.00 0.0595489 26.8053 27.059
4 105.75 0.00 119.25 0.00 110.25 0.00 114.75 0.00 36.9035 15.1875 14.4245
4 56.25 0.00 168.75 0.00 101.25 0.00 123.75 0.00 0.0546951 24.8716 22.7917
4 78.75 0.00 146.25 0.00 101.25 0.00 123.75 0.00 0.79167 23.4893 22.5844
4 51.75 0.00 173.25 0.00 105.75 0.00 119.25 0.00 0.0251856 4.51942 -0.82512
4 92.25 0.00 132.75 0.00 110.25 0.00 114.75 0.00 1.11263 22.7878 20.8937
4 101.25 0.00 123.75 0.00 110.25 0.00 114.75 0.00 9.71723 19.6598 18.6323
4 92.25 0.00 132.75 0.00 105.75 0.00 119.25 0.00 4.58902 23.6189 22.2235
4 65.25 0.00 159.75 0.00 96.75 0.00 128.25 0.00 0.213802 17.8988 16.9273
4 33.75 0.00 191.25 0.00 101.25 0.00 123.75 0.00 0.0218967 -5.75698 2.71237
4 78.75 0.00 146.25 0.00 105.75 0.00 119.25 0.00 0.334007 20.3535 19.7997
4 33.75 0.00 191.25 0.00 96.75 0.00 128.25 0.00 0.0314313 7.35112 10.66
4 96.75 0.00 128.25 0.00 110.25 0.00 114.75 0.00 3.09939 22.8077 21.646
4 87.75 0.00 141.75 0.00 105.75 0.00 123.75 0.00 1.81216 23.6602 22.5106
4 92.25 0.00 137.25 0.00 110.25 0.00 119.25 0.00 1.47104 23.7859 22.0752
4 83.25 0.00 146.25 0.00 110.25 0.00 119.25 0.00 0.2535 27.1225 24.2433
4 51.75 0.00 177.75 0.00 105.75 0.00 123.75 0.00 0.0296576 -4.14137 -1.55873
4 101.25 0.00 128.25 0.00 110.25 0.00 119.25 0.00 12.3651 20.4916 19.3985
4 74.25 0.00 155.25 0.00 101.25 0.00 128.25 0.00 0.374559 21.1651 19.2578
4 33.75 0.00 195.75 0.00 105.75 0.00 123.75 0.00 0.0150695 46.2012 23.9838
4 69.75 0.00 159.75 0.00 105.75 0.00 123.75 0.00 0.104698 18.4846 17.4968
4 47.25 0.00 182.25 0.00 101.25 0.00 128.25 0.00 0.0374439 -6.74632 0.439768
4 74.25 0.00 155.25 0.00 110.25 0.00 119.25 0.00 0.0750526 31.3 26.168
4 69.75 0.00 164.25 0.00 101.25 0.00 132.75 0.00 0.204656 15.4749 15.1468
4 83.25 0.00 150.75 0.00 110.25 0.00 123.75 0.00 0.301232 24.5463 24.4624
4 101.25 0.00 132.75 0.00 114.75 0.00 119.25 0.00 2.87609 22.1068 20.9201
4 38.25 0.00 195.75 0.00 105.75 0.00 128.25 0.00 0.0220881 36.4846 28.8038
4 69.75 0.00 164.25 0.00 110.25 0.00 123.75 0.00 0.0594503 29.9509 28.5901
4 60.75 0.00 173.25 0.00 105.75 0.00 128.25 0.00 0.0541377 23.9447 23.1725
4 83.25 0.00 150.75 0.00 105.75 0.00 128.25 0.00 0.745214 25.4638 24.6168
4 56.25 0.00 177.75 0.00 110.25 0.00 123.75 0.00 0.0213998 0.454387 11.621
4 38.25 0.00 195.75 0.00 101.25 0.00 132.75 0.00 0.0294291 18.2895 13.8403
4 96.75 0.00 137.25 0.00 114.75 0.00 119.25 0.00 1.00036 22.6138 20.8896
4 110.25 0.00 123.75 0.00 114.75 0.00 119.25 0.00 35.9776 15.302 14.4991
4 96.75 0.00 137.25 0.00 110.25 0.00 123.75 0.00 4.33361 23.6222 22.3344
4 105.75 0.00 128.25 0.00 114.75 0.00 119.25 0.00 8.80926 19.3849 18.3409
4 51.75 0.00 186.75 0.00 105.75 0.00 132.75 0.00 0.0389023 -6.07088 5.96756
4 92.25 0.00 146.25 0.00 110.25 0.00 128.25 0.00 1.71629 26.5333 25.3296
4 78.75 0.00 159.75 0.00 114.75 0.00 123.75 0.00 0.0699246 24.6527 24.8991
4 56.25 0.00 182.25 0.00 110.25 0.00 128.25 0.00 0.0236255 17.8945 6.7933
4 96.75 0.00 141.75 0.00 114.75 0.00 123.75 0.00 1.46039 26.8739 25.7688
4 87.75 0.00 150.75 0.00 114.75 0.00 123.75 0.00 0.24887 21.1141 20.3119
4 105.75 0.00 132.75 0.00 114.75 0.00 123.75 0.00 11.6851 20.4525 19.4252
4 78.75 0.00 159.75 0.00 105.75 0.00 132.75 0.00 0.381979 23.6522 23.3859
4 38.25 0.00 200.25 0.00 110.25 0.00 128.25 0.00 0.0182453 -17.8718 -31.3465
4 74.25 0.00 164.25 0.00 110.25 0.00 128.25 0.00 0.100962 16.231 17.6131
4 101.25 0.00 141.75 0.00 114.75 0.00 128.25 0.00 4.44295 24.854 23.6048
4 110.25 0.00 132.75 0.00 119.25 0.00 123.75 0.00 9.41332 20.0127 18.9633
4 74.25 0.00 168.75 0.00 105.75 0.00 137.25 0.00 0.210055 17.7854 16.9157
4 42.75 0.00 200.25 0.00 110.25 0.00 132.75 0.00 0.0227957 -37.5036 -27.3364
4 105.75 0.00 137.25 0.00 119.25 0.00 123.75 0.00 2.83494 22.8339 21.6699
4 87.75 0.00 155.25 0.00 114.75 0.00 128.25 0.00 0.288506 19.4773 19.0002
4 42.75 0.00 200.25 0.00 105.75 0.00 137.25 0.00 0.0300108 10.7121 17.7371
4 60.75 0.00 182.25 0.00 114.75 0.00 128.25 0.00 0.00870341 -33.0131 -49.213
4 74.25 0.00 168.75 0.00 114.75 0.00 128.25 0.00 0.0533957 7.43203 5.41216
4 101.25 0.00 141.75 0.00 119.25 0.00 123.75 0.00 1.08211 27.634 26.46
4 114.75 0.00 128.25 0.00 119.25 0.00 123.75 0.00 36.6447 15.6549 14.8746
4 65.25 0.00 177.75 0.00 110.25 0.00 132.75 0.00 0.0505617 13.6506 13.6124
4 87.75 0.00 155.25 0.00 110.25 0.00 132.75 0.00 0.735873 25.1498 24.2235
4 78.75 0.00 168.75 0.00 114.75 0.00 132.75 0.00 0.0964888 16.7987 15.5536
4 83.25 0.00 164.25 0.00 110.25 0.00 137.25 0.00 0.346447 24.2805 22.8289
4 56.25 0.00 191.25 0.00 110.25 0.00 137.25 0.00 0.0362547 18.5529 4.82578
4 96.75 0.00 150.75 0.00 114.75 0.00 132.75 0.00 1.69511 23.8002 22.6743
4 92.25 0.00 155.25 0.00 119.25 0.00 128.25 0.00 0.248086 15.7172 15.1076
4 83.25 0.00 164.25 0.00 119.25 0.00 128.25 0.00 0.0660378 15.9575 14.4352
4 60.75 0.00 186.75 0.00 114.75 0.00 132.75 0.00 0.0258129 52.6274 30.5761
4 101.25 0.00 146.25 0.00 119.25 0.00 128.25 0.00 1.45006 24.1721 23.4397
4 110.25 0.00 137.25 0.00 119.25 0.00 128.25 0.00 12.1441 20.8471 19.7608
4 69.75 0.00 182.25 0.00 114.75 0.00 137.25 0.00 0.0342274 -15.0502 -10.7985
4 92.25 0.00 159.75 0.00 114.75 0.00 137.25 0.00 0.726773 26.3287 24.6217
4 105.75 0.00 146.25 0.00 123.75 0.00 128.25 0.00 1.02239 25.8106 24.5005
4 119.25 0.00 132.75 0.00 123.75 0.00 128.25 0.00 35.3349 15.513 14.7256
4 114.75 0.00 137.25 0.00 123.75 0.00 128.25 0.00 9.22013 20.2008 19.1111
4 105.75 0.00 146.25 0.00 119.25 0.00 132.75 0.00 4.34478 24.9726 23.7657
4 92.25 0.00 159.75 0.00 119.25 0.00 132.75 0.00 0.295828 19.3892 17.7828
4 110.25 0.00 141.75 0.00 123.75 0.00 128.25 0.00 3.08198 24.2471 22.7091
4 78.75 0.00 173.25 0.00 110.25 0.00 141.75 0.00 0.20077 19.3356 18.6016
4 65.25 0.00 186.75 0.00 119.25 0.00 132.75 0.00 0.0219008 24.1829 35.8066
4 78.75 0.00 173.25 0.00 119.25 0.00 132.75 0.00 0.0559103 24.5271 23.926
4 65.25 0.00 191.25 0.00 119.25 0.00 137.25 0.00 0.0265058 22.1125 38.3546
4 105.75 0.00 150.75 0.00 123.75 0.00 132.75 0.00 1.45759 23.4006 22.322
4 114.75 0.00 141.75 0.00 123.75 0.00 132.75 0.00 12.968 21.4482 20.3525
4 87.75 0.00 168.75 0.00 114.75 0.00 141.75 0.00 0.338936 24.3378 22.8222
4 83.25 0.00 173.25 0.00 119.25 0.00 137.25 0.00 0.0957697 20.1248 19.6287
4 60.75 0.00 195.75 0.00 114.75 0.00 141.75 0.00 0.03485 33.7229 22.6791
4 96.75 0.00 159.75 0.00 123.75 0.00 132.75 0.00 0.251743 18.631 17.1181
4 87.75 0.00 168.75 0.00 123.75 0.00 132.75 0.00 0.0670853 6.49853 6.89339
4 101.25 0.00 155.25 0.00 119.25 0.00 137.25 0.00 1.71885 22.9879 21.9209
4 83.25 0.00 177.75 0.00 114.75 0.00 146.25 0.00 0.18307 18.7123 20.4224
4 114.75 0.00 146.25 0.00 128.25 0.00 132.75 0.00 3.10122 23.9952 22.5888
4 123.75 0.00 137.25 0.00 128.25 0.00 132.75 0.00 34.7479 15.3456 14.5938
4 74.25 0.00 186.75 0.00 119.25 0.00 141.75 0.00 0.0503204 31.1724 20.8463
4 96.75 0.00 164.25 0.00 119.25 0.00 141.75 0.00 0.698892 23.8081 22.3746
4 110.25 0.00 150.75 0.00 128.25 0.00 132.75 0.00 1.10759 25.0122 23.5525
4 69.75 0.00 191.25 0.00 123.75 0.00 137.25 0.00 0.021415 44.5416 37.3243
4 83.25 0.00 177.75 0.00 123.75 0.00 137.25 0.00 0.0541179 20.1795 25.2904
4 119.25 0.00 141.75 0.00 128.25 0.00 132.75 0.00 9.65475 20.5098 19.5254
4 110.25 0.00 150.75 0.00 123.75 0.00 137.25 0.00 4.66572 23.8114 22.4779
4 96.75 0.00 164.25 0.00 123.75 0.00 137.25 0.00 0.294614 22.4394 20.8961
4 87.75 0.00 177.75 0.00 123.75 0.00 141.75 0.00 0.0929687 36.4665 32.0823
4 65.25 0.00 200.25 0.00 119.25 0.00 146.25 0.00 0.0358482 39.2969 22.2324
4 92.25 0.00 173.25 0.00 128.25 0.00 137.25 0.00 0.0686056 16.0382 14.8122
4 105.75 0.00 159.75 0.00 123.75 0.00 141.75 0.00 1.65065 23.8538 22.5578
4 101.25 0.00 164.25 0.00 128.25 0.00 137.25 0.00 0.25539 23.5088 21.8294
4 69.75 0.00 195.75 0.00 123.75 0.00 141.75 0.00 0.0263078 42.0427 32.9582
4 110.25 0.00 155.25 0.00 128.25 0.00 137.25 0.00 1.51403 25.4607 23.8398
4 119.25 0.00 146.25 0.00 128.25 0.00 137.25 0.00 12.5771 20.8507 19.7144
4 92.25 0.00 173.25 0.00 119.25 0.00 146.25 0.00 0.344135 24.4517 22.9149
4 87.75 0.00 182.25 0.00 119.25 0.00 150.75 0.00 0.178514 21.3336 21.6178
4 114.75 0.00 155.25 0.00 132.75 0.00 137.25 0.00 1.10463 26.7733 25.1871
4 123.75 0.00 146.25 0.00 132.75 0.00 137.25 0.00 9.51506 20.3198 19.2542
4 114.75 0.00 155.25 0.00 128.25 0.00 141.75 0.00 4.43861 23.5032 22.2063
4 101.25 0.00 168.75 0.00 128.25 0.00 141.75 0.00 0.291149 25.8264 24.1785
4 119.25 0.00 150.75 0.00 132.75 0.00 137.25 0.00 3.11072 24.0771 23.0808
4 87.75 0.00 182.25 0.00 128.25 0.00 141.75 0.00 0.0520328 13.6729 19.3084
4 128.25 0.00 141.75 0.00 132.75 0.00 137.25 0.00 37.4381 16.192 15.3741
4 78.75 0.00 191.25 0.00 123.75 0.00 146.25 0.00 0.0506271 30.2387 27.5374
4 101.25 0.00 168.75 0.00 123.75 0.00 146.25 0.00 0.718819 25.2131 23.7661
4 74.25 0.00 195.75 0.00 128.25 0.00 141.75 0.00 0.0210303 17.8645 5.05638
4 96.75 0.00 177.75 0.00 123.75 0.00 150.75 0.00 0.33247 26.0236 23.6706
4 114.75 0.00 159.75 0.00 132.75 0.00 141.75 0.00 1.46182 25.0534 23.9847
4 92.25 0.00 182.25 0.00 128.25 0.00 146.25 0.00 0.0906409 -10.8924 -11.66
4 123.75 0.00 150.75 0.00 132.75 0.00 141.75 0.00 12.0979 20.8949 19.8664
4 96.75 0.00 177.75 0.00 132.75 0.00 141.75 0.00 0.067468 32.2002 27.2097
4 110.25 0.00 164.25 0.00 128.25 0.00 146.25 0.00 1.71701 25.0701 23.6044
4 105.75 0.00 168.75 0.00 132.75 0.00 141.75 0.00 0.235033 -16.2037 -17.1833
4 74.25 0.00 200.25 0.00 128.25 0.00 146.25 0.00 0.021206 -11.5451 -21.603
4 128.25 0.00 150.75 0.00 137.25 0.00 141.75 0.00 8.63282 19.8833 18.8222
4 83.25 0.00 195.75 0.00 128.25 0.00 150.75 0.00 0.048155 30.2778 16.1671
4 105.75 0.00 173.25 0.00 128.25 0.00 150.75 0.00 0.696925 25.1928 23.7679
4 78.75 0.00 200.25 0.00 132.75 0.00 146.25 0.00 0.0249569 6.76336 -8.12902
4 92.25 0.00 186.75 0.00 123.75 0.00 155.25 0.00 0.177113 20.3336 17.9587
4 119.25 0.00 159.75 0.00 132.75 0.00 146.25 0.00 4.39648 24.6636 23.337
4 123.75 0.00 155.25 0.00 137.25 0.00 141.75 0.00 2.69657 22.5206 21.2976
4 92.25 0.00 186.75 0.00 132.75 0.00 146.25 0.00 0.0506985 2.98039 -0.912705
4 105.75 0.00 173.25 0.00 132.75 0.00 146.25 0.00 0.286472 23.8092 22.3019
4 132.75 0.00 146.25 0.00 137.25 0.00 141.75 0.00 33.2375 15.44 14.6324
4 119.25 0.00 159.75 0.00 137.25 0.00 141.75 0.00 0.971187 25.3762 23.8578
4 128.25 0.00 155.25 0.00 137.25 0.00 146.25 0.00 11.6251 21.5317 20.446
4 114.75 0.00 168.75 0.00 132.75 0.00 150.75 0.00 1.68933 25.3497 23.829
4 101.25 0.00 182.25 0.00 137.25 0.00 146.25 0.00 0.0631868 23.6684 17.1117
4 101.25 0.00 182.25 0.00 128.25 0.00 155.25 0.00 0.321737 22.4728 20.2494
4 96.75 0.00 186.75 0.00 132.75 0.00 150.75 0.00 0.0885884 29.5666 27.2146
4 110.25 0.00 173.25 0.00 137.25 0.00 146.25 0.00 0.24542 24.963 23.4817
4 119.25 0.00 164.25 0.00 137.25 0.00 146.25 0.00 1.3885 26.1216 25.0101
4 123.75 0.00 164.25 0.00 141.75 0.00 146.25 0.00 1.0709 27.7351 26.4259
4 87.75 0.00 200.25 0.00 132.75 0.00 155.25 0.00 0.0487731 -7.24402 -8.65942
4 110.25 0.00 177.75 0.00 132.75 0.00 155.25 0.00 0.710554 19.5331 18.2781
4 132.75 0.00 155.25 0.00 141.75 0.00 146.25 0.00 9.57746 21.551 20.4734
4 123.75 0.00 164.25 0.00 137.25 0.00 150.75 0.00 4.12647 24.2741 23.0547
4 96.75 0.00 191.25 0.00 128.25 0.00 159.75 0.00 0.172954 14.142 13.8477
4 96.75 0.00 191.25 0.00 137.25 0.00 150.75 0.00 0.0501991 20.3308 18.3479
4 110.25 0.00 177.75 0.00 137.25 0.00 150.75 0.00 0.279558 27.0947 25.4786
4 137.25 0.00 150.75 0.00 141.75 0.00 146.25 0.00 39.4234 17.331 16.4441
4 128.25 0.00 159.75 0.00 141.75 0.00 146.25 0.00 3.05226 24.7332 23.5311
4 123.75 0.00 168.75 0.00 141.75 0.00 150.75 0.00 1.42908 27.0622 25.8962
4 101.25 0.00 191.25 0.00 137.25 0.00 155.25 0.00 0.0863271 11.7884 16.7942
4 132.75 0.00 159.75 0.00 141.75 0.00 150.75 0.00 12.3284 22.3424 21.2189
4 105.75 0.00 186.75 0.00 132.75 0.00 159.75 0.00 0.304815 24.4127 24.59
4 105.75 0.00 186.75 0.00 141.75 0.00 150.75 0.00 0.0613471 17.8367 19.8617
4 119.25 0.00 173.25 0.00 137.25 0.00 155.25 0.00 1.63244 28.129 27.0834
4 114.75 0.00 177.75 0.00 141.75 0.00 150.75 0.00 0.246816 28.6295 26.3066
4 114.75 0.00 182.25 0.00 137.25 0.00 159.75 0.00 0.654092 24.3612 23.2162
4 101.25 0.00 195.75 0.00 132.75 0.00 164.25 0.00 0.169323 18.5407 18.0978
4 141.75 0.00 155.25 0.00 146.25 0.00 150.75 0.00 34.7401 16.901 16.0158
4 132.75 0.00 164.25 0.00 146.25 0.00 150.75 0.00 2.78841 24.0638 22.8918
4 137.25 0.00 159.75 0.00 146.25 0.00 150.75 0.00 9.08603 21.1926 20.096
4 128.25 0.00 168.75 0.00 146.25 0.00 150.75 0.00 0.978526 27.5297 26.1858
4 114.75 0.00 182.25 0.00 141.75 0.00 155.25 0.00 0.279485 30.2454 29.5654
4 128.25 0.00 168.75 0.00 141.75 0.00 155.25 0.00 4.34961 28.0634 26.7513
4 101.25 0.00 195.75 0.00 141.75 0.00 155.25 0.00 0.0509403 -2.14962 0.0974826
4 123.75 0.00 177.75 0.00 141.75 0.00 159.75 0.00 1.66853 25.4715 24.4105
4 119.25 0.00 182.25 0.00 146.25 0.00 155.25 0.00 0.218647 17.1616 17.9575
4 137.25 0.00 164.25 0.00 146.25 0.00 155.25 0.00 12.0738 21.8154 20.7338
4 128.25 0.00 173.25 0.00 146.25 0.00 155.25 0.00 1.39569 28.4965 27.1472
4 110.25 0.00 191.25 0.00 137.25 0.00 164.25 0.00 0.301158 24.1114 22.4393
4 105.75 0.00 195.75 0.00 141.75 0.00 159.75 0.00 0.0838324 12.6632 11.3547
4 110.25 0.00 191.25 0.00 146.25 0.00 155.25 0.00 0.0614903 -13.949 -9.95285
4 119.25 0.00 186.75 0.00 146.25 0.00 159.75 0.00 0.252967 16.3422 15.697
4 132.75 0.00 173.25 0.00 146.25 0.00 159.75 0.00 4.27786 24.6229 23.4992
4 137.25 0.00 168.75 0.00 150.75 0.00 155.25 0.00 2.97375 22.4429 21.1641
4 105.75 0.00 200.25 0.00 146.25 0.00 159.75 0.00 0.0486891 18.8873 23.443
4 146.25 0.00 159.75 0.00 150.75 0.00 155.25 0.00 38.2282 16.9578 16.0676
4 119.25 0.00 186.75 0.00 141.75 0.00 164.25 0.00 0.636088 20.0774 18.3554
4 141.75 0.00 164.25 0.00 150.75 0.00 155.25 0.00 9.17332 20.8331 19.7958
4 132.75 0.00 173.25 0.00 150.75 0.00 155.25 0.00 1.04432 27.1067 25.9405
4 105.75 0.00 200.25 0.00 137.25 0.00 168.75 0.00 0.156837 12.0577 13.972
4 114.75 0.00 195.75 0.00 150.75 0.00 159.75 0.00 0.0595565 -3.59315 -2.87844
4 128.25 0.00 182.25 0.00 146.25 0.00 164.25 0.00 1.48962 26.4715 25.5244
4 123.75 0.00 186.75 0.00 150.75 0.00 159.75 0.00 0.215393 14.8986 16.2946
4 141.75 0.00 168.75 0.00 150.75 0.00 159.75 0.00 11.875 21.4776 20.408
4 132.75 0.00 177.75 0.00 150.75 0.00 159.75 0.00 1.40375 27.6611 25.9704
4 114.75 0.00 195.75 0.00 141.75 0.00 168.75 0.00 0.2974 27.1825 25.5432
4 110.25 0.00 200.25 0.00 146.25 0.00 164.25 0.00 0.0816338 27.0733 23.15
4 150.75 0.00 164.25 0.00 155.25 0.00 159.75 0.00 35.9134 15.789 14.9777
4 137.25 0.00 177.75 0.00 155.25 0.00 159.75 0.00 0.992013 22.5653 20.9599
4 146.25 0.00 168.75 0.00 155.25 0.00 159.75 0.00 8.83094 20.4237 19.4886
4 137.25 0.00 177.75 0.00 150.75 0.00 164.25 0.00 4.32768 25.3133 24.007
4 123.75 0.00 191.25 0.00 150.75 0.00 164.25 0.00 0.245697 24.7371 22.9776
4 141.75 0.00 173.25 0.00 155.25 0.00 159.75 0.00 2.76694 24.4217 23.1186
4 123.75 0.00 191.25 0.00 146.25 0.00 168.75 0.00 0.600047 26.5367 24.8254
4 137.25 0.00 182.25 0.00 155.25 0.00 164.25 0.00 1.28091 27.6719 26.2707
4 128.25 0.00 191.25 0.00 155.25 0.00 164.25 0.00 0.199311 9.65432 8.75276
4 146.25 0.00 173.25 0.00 155.25 0.00 164.25 0.00 11.6462 21.5697 20.4587
4 119.25 0.00 200.25 0.00 146.25 0.00 173.25 0.00 0.269638 24.5622 23.1665
4 119.25 0.00 200.25 0.00 155.25 0.00 164.25 0.00 0.0574465 27.1773 16.5706
4 132.75 0.00 186.75 0.00 150.75 0.00 168.75 0.00 1.47053 26.2125 24.6473
4 128.25 0.00 195.75 0.00 155.25 0.00 168.75 0.00 0.23217 62.3784 59.5037
4 146.25 0.00 177.75 0.00 159.75 0.00 164.25 0.00 2.82671 23.8836 22.9101
4 141.75 0.00 182.25 0.00 159.75 0.00 164.25 0.00 0.91523 28.3571 26.6108
4 155.25 0.00 168.75 0.00 159.75 0.00 164.25 0.00 36.5735 15.3797 14.5746
4 128.25 0.00 195.75 0.00 150.75 0.00 173.25 0.00 0.566852 27.0342 25.1751
4 141.75 0.00 182.25 0.00 155.25 0.00 168.75 0.00 3.82026 25.2115 23.8968
4 150.75 0.00 173.25 0.00 159.75 0.00 164.25 0.00 8.84403 20.9148 19.8008
4 137.25 0.00 191.25 0.00 155.25 0.00 173.25 0.00 1.40163 27.5377 26.256
4 141.75 0.00 186.75 0.00 159.75 0.00 168.75 0.00 1.20695 24.7021 23.1305
4 132.75 0.00 195.75 0.00 159.75 0.00 168.75 0.00 0.189985 13.327 11.6482
4 150.75 0.00 177.75 0.00 159.75 0.00 168.75 0.00 11.6563 21.9929 20.8503
4 150.75 0.00 182.25 0.00 164.25 0.00 168.75 0.00 2.54132 21.5668 20.1819
4 132.75 0.00 200.25 0.00 159.75 0.00 173.25 0.00 0.218368 24.1521 23.9547
4 159.75 0.00 173.25 0.00 164.25 0.00 168.75 0.00 36.7943 15.3282 14.5352
4 132.75 0.00 200.25 0.00 155.25 0.00 177.75 0.00 0.538848 22.7656 21.6852
4 146.25 0.00 186.75 0.00 164.25 0.00 168.75 0.00 0.868418 22.4201 20.6306
4 146.25 0.00 186.75 0.00 159.75 0.00 173.25 0.00 3.72968 25.1477 23.733
4 155.25 0.00 177.75 0.00 164.25 0.00 168.75 0.00 8.83198 20.8708 19.8355
4 141.75 0.00 195.75 0.00 159.75 0.00 177.75 0.00 1.31685 25.6197 24.5628
4 137.25 0.00 200.25 0.00 164.25 0.00 173.25 0.00 0.17933 26.5906 24.6075
4 146.25 0.00 191.25 0.00 164.25 0.00 173.25 0.00 1.15138 26.5864 25.3551
4 155.25 0.00 182.25 0.00 164.25 0.00 173.25 0.00 10.6811 22.2012 21.0312
4 159.75 0.00 182.25 0.00 168.75 0.00 173.25 0.00 8.07702 21.1151 19.9515
4 150.75 0.00 191.25 0.00 164.25 0.00 177.75 0.00 3.58204 24.815 23.6106
4 155.25 0.00 186.75 0.00 168.75 0.00 173.25 0.00 2.41683 27.375 25.7197
4 150.75 0.00 191.25 0.00 168.75 0.00 173.25 0.00 0.813681 18.8064 17.7404
4 164.25 0.00 177.75 0.00 168.75 0.00 173.25 0.00 34.8496 15.3313 14.5334
4 159.75 0.00 186.75 0.00 168.75 0.00 177.75 0.00 10.6284 22.2786 21.1918
4 146.25 0.00 200.25 0.00 164.25 0.00 182.25 0.00 1.28338 27.8388 26.7036
4 150.75 0.00 195.75 0.00 168.75 0.00 177.75 0.00 1.09641 27.768 26.1241
4 155.25 0.00 195.75 0.00 173.25 0.00 177.75 0.00 0.825181 21.6526 20.0958
4 164.25 0.00 186.75 0.00 173.25 0.00 177.75 0.00 8.19318 21.0265 19.9977
4 155.25 0.00 195.75 0.00 168.75 0.00 182.25 0.00 3.61034 24.8169 23.1987
4 159.75 0.00 191.25 0.00 173.25 0.00 177.75 0.00 2.51817 24.9791 23.8502
4 168.75 0.00 182.25 0.00 173.25 0.00 177.75 0.00 35.5931 16.6048 15.7614
4 155.25 0.00 200.25 0.00 173.25 0.00 182.25 0.00 1.12961 36.8844 35.1904
4 164.25 0.00 191.25 0.00 173.25 0.00 182.25 0.00 11.1838 22.1676 21.0222
4 164.25 0.00 195.75 0.00 177.75 0.00 182.25 0.00 2.58418 22.9197 21.5248
4 173.25 0.00 186.75 0.00 177.75 0.00 182.25 0.00 36.3899 17.6544 16.6974
4 159.75 0.00 200.25 0.00 177.75 0.00 182.25 0.00 0.836405 21.8059 20.3782
4 168.75 0.00 191.25 0.00 177.75 0.00 182.25 0.00 8.94678 21.3848 20.1799
4 159.75 0.00 200.25 0.00 173.25 0.00 186.75 0.00 3.54116 23.6364 22.3989
4 168.75 0.00 195.75 0.00 177.75 0.00 186.75 0.00 11.1197 22.4105 21.15
4 168.75 0.00 200.25 0.00 182.25 0.00 186.75 0.00 2.27403 26.8334 26.0416
4 177.75 0.00 191.25 0.00 182.25 0.00 186.75 0.00 37.219 17.6919 16.7738
4 173.25 0.00 195.75 0.00 182.25 0.00 186.75 0.00 7.99873 21.5006 20.4664
4 173.25 0.00 200.25 0.00 182.25 0.00 191.25 0.00 10.1759 23.7578 22.5973
4 177.75 0.00 200.25 0.00 186.75 0.00 191.25 0.00 7.93999 25.9383 24.9261
4 182.25 0.00 195.75 0.00 186.75 0.00 191.25 0.00 39.0696 18.2977 17.3559
4 186.75 0.00 200.25 0.00 191.25 0.00 195.75 0.00 39.4805 0.0178665 0.0168704
0
0
0
0
0
0
0
0
