41
# x y z
20.25	0	0
24.75	0	0
29.25	0	0
33.75	0	0
38.25	0	0
42.75	0	0
47.25	0	0
51.75	0	0
56.25	0	0
60.75	0	0
65.25	0	0
69.75	0	0
74.25	0	0
78.75	0	0
83.25	0	0
87.75	0	0
92.25	0	0
96.75	0	0
101.25	0	0
105.75	0	0
110.25	0	0
114.75	0	0
119.25	0	0
123.75	0	0
128.25	0	0
132.75	0	0
137.25	0	0
141.75	0	0
146.25	0	0
150.75	0	0
155.25	0	0
159.75	0	0
164.25	0	0
168.75	0	0
173.25	0	0
177.75	0	0
182.25	0	0
186.75	0	0
191.25	0	0
195.75	0	0
200.25	0	0
190
# a b m n err i ip ip1 ip2 iperr k r rhoa u valid 
1	4	2	3	3.00010114670239e-02	0.00000000000000e+00	1.60165000000000e+01	1.60165000000000e+01	1.52059000000000e+01	0.00000000000000e+00	2.82743338823081e+01	3.49668000000000e+01	9.88662977995892e+02	0.00000000000000e+00	1
1	7	3	5	3.00015410522314e-02	0.00000000000000e+00	2.03055000000000e+01	2.03055000000000e+01	1.92861000000000e+01	0.00000000000000e+00	5.65486677646163e+01	1.14752000000000e+01	6.48907272332525e+02	0.00000000000000e+00	1
1	10	4	7	3.00029937999903e-02	0.00000000000000e+00	2.31465000000000e+01	2.31465000000000e+01	2.19906000000000e+01	0.00000000000000e+00	8.48230016469244e+01	3.93789000000000e+00	3.34023649955407e+02	0.00000000000000e+00	1
1	13	5	9	3.00055107487631e-02	0.00000000000000e+00	2.26589000000000e+01	2.26589000000000e+01	2.17180000000000e+01	0.00000000000000e+00	1.13097335529233e+02	1.60449000000000e+00	1.81463543883298e+02	0.00000000000000e+00	1
1	19	7	13	3.00154941555399e-02	0.00000000000000e+00	1.89090000000000e+01	1.89090000000000e+01	1.79587000000000e+01	0.00000000000000e+00	1.69646003293849e+02	3.80442000000000e-01	6.45404647851184e+01	0.00000000000000e+00	1
1	25	9	17	3.00335203894293e-02	0.00000000000000e+00	1.68901000000000e+01	1.68901000000000e+01	1.50423000000000e+01	0.00000000000000e+00	2.26194671058465e+02	1.31889000000000e-01	2.98325889712299e+01	0.00000000000000e+00	1
1	31	11	21	3.00449043201162e-02	0.00000000000000e+00	3.81541000000000e+01	3.81541000000000e+01	3.37897000000000e+01	0.00000000000000e+00	2.82743338823081e+02	7.87625000000000e-02	2.22695722240529e+01	0.00000000000000e+00	1
1	37	13	25	3.00522806956470e-02	0.00000000000000e+00	2.91845000000000e+01	2.91845000000000e+01	2.62445000000000e+01	0.00000000000000e+00	3.39292006587698e+02	5.63748000000000e-02	1.91275190129801e+01	0.00000000000000e+00	1
2	5	3	4	3.00009982547116e-02	0.00000000000000e+00	1.56178000000000e+01	1.56178000000000e+01	1.48142000000000e+01	0.00000000000000e+00	2.82743338823081e+01	3.54296000000000e+01	1.00174833971662e+03	0.00000000000000e+00	1
2	8	4	6	3.00014760801120e-02	0.00000000000000e+00	2.07575000000000e+01	2.07575000000000e+01	1.96920000000000e+01	0.00000000000000e+00	5.65486677646163e+01	1.19803000000000e+01	6.77470004420432e+02	0.00000000000000e+00	1
2	11	5	8	3.00028061637256e-02	0.00000000000000e+00	2.26571000000000e+01	2.26571000000000e+01	2.16019000000000e+01	0.00000000000000e+00	8.48230016469244e+01	4.20120000000000e+00	3.56358394519059e+02	0.00000000000000e+00	1
2	14	6	10	3.00055399246152e-02	0.00000000000000e+00	2.25003000000000e+01	2.25003000000000e+01	2.13815000000000e+01	0.00000000000000e+00	1.13097335529233e+02	1.59604000000000e+00	1.80507871398076e+02	0.00000000000000e+00	1
2	20	8	14	3.00150854191220e-02	0.00000000000000e+00	2.23164000000000e+01	2.23164000000000e+01	2.07267000000000e+01	0.00000000000000e+00	1.69646003293849e+02	3.90750000000000e-01	6.62891757870714e+01	0.00000000000000e+00	1
2	26	10	18	3.00349630330608e-02	0.00000000000000e+00	8.75065000000000e+00	8.75065000000000e+00	9.03509000000000e+00	0.00000000000000e+00	2.26194671058465e+02	1.26447000000000e-01	2.86016375713297e+01	0.00000000000000e+00	1
2	32	12	22	3.00433354144283e-02	0.00000000000000e+00	2.97255000000000e+01	2.97255000000000e+01	3.08324000000000e+01	0.00000000000000e+00	2.82743338823081e+02	8.16140000000000e-02	2.30758148547070e+01	0.00000000000000e+00	1
2	38	14	26	3.00523137311315e-02	0.00000000000000e+00	1.51698000000000e+01	1.51698000000000e+01	1.58569000000000e+01	0.00000000000000e+00	3.39292006587698e+02	5.63392000000000e-02	1.91154402175456e+01	0.00000000000000e+00	1
3	6	4	5	3.00009574666580e-02	0.00000000000000e+00	1.55283000000000e+01	1.55283000000000e+01	1.47314000000000e+01	0.00000000000000e+00	2.82743338823081e+01	3.69389000000000e+01	1.04442279184519e+03	0.00000000000000e+00	1
3	9	5	7	3.00015330497842e-02	0.00000000000000e+00	2.06076000000000e+01	2.06076000000000e+01	1.95674000000000e+01	0.00000000000000e+00	5.65486677646163e+01	1.15351000000000e+01	6.52294537531625e+02	0.00000000000000e+00	1
3	12	6	9	3.00027646077465e-02	0.00000000000000e+00	2.23927000000000e+01	2.23927000000000e+01	2.11528000000000e+01	0.00000000000000e+00	8.48230016469244e+01	4.26435000000000e+00	3.61714967073062e+02	0.00000000000000e+00	1
3	15	7	11	3.00051358263048e-02	0.00000000000000e+00	2.23091000000000e+01	2.23091000000000e+01	2.13114000000000e+01	0.00000000000000e+00	1.13097335529233e+02	1.72162000000000e+00	1.94710634793837e+02	0.00000000000000e+00	1
3	21	9	15	3.00165672033578e-02	0.00000000000000e+00	2.09961000000000e+01	2.09961000000000e+01	2.01975000000000e+01	0.00000000000000e+00	1.69646003293849e+02	3.55801000000000e-01	6.03602176179547e+01	0.00000000000000e+00	1
3	27	11	19	3.00326811159514e-02	0.00000000000000e+00	2.15317000000000e+01	2.15317000000000e+01	2.28452000000000e+01	0.00000000000000e+00	2.26194671058465e+02	1.35276000000000e-01	3.05987103221049e+01	0.00000000000000e+00	1
3	33	13	23	3.00446061435149e-02	0.00000000000000e+00	2.63297000000000e+01	2.63297000000000e+01	2.61927000000000e+01	0.00000000000000e+00	2.82743338823081e+02	7.92890000000000e-02	2.24184365919433e+01	0.00000000000000e+00	1
3	39	15	27	3.00496841550372e-02	0.00000000000000e+00	2.30511000000000e+01	2.30511000000000e+01	1.87846000000000e+01	0.00000000000000e+00	3.39292006587698e+02	5.93210000000000e-02	2.01271411227888e+01	0.00000000000000e+00	1
4	7	5	6	3.00009361009246e-02	0.00000000000000e+00	1.58484000000000e+01	1.58484000000000e+01	1.50485000000000e+01	0.00000000000000e+00	2.82743338823081e+01	3.77820000000000e+01	1.06826088274137e+03	0.00000000000000e+00	1
4	10	6	8	3.00015427596568e-02	0.00000000000000e+00	1.98867000000000e+01	1.98867000000000e+01	1.89262000000000e+01	0.00000000000000e+00	5.65486677646163e+01	1.14625000000000e+01	6.48189104251914e+02	0.00000000000000e+00	1
4	13	7	10	3.00028272611830e-02	0.00000000000000e+00	2.14815000000000e+01	2.14815000000000e+01	2.03614000000000e+01	0.00000000000000e+00	8.48230016469244e+01	4.16985000000000e+00	3.53699193417428e+02	0.00000000000000e+00	1
4	16	8	12	3.00053882406643e-02	0.00000000000000e+00	2.20049000000000e+01	2.20049000000000e+01	2.10715000000000e+01	0.00000000000000e+00	1.13097335529233e+02	1.64097000000000e+00	1.85589334683405e+02	0.00000000000000e+00	1
4	22	10	16	3.00167734053500e-02	0.00000000000000e+00	2.30736000000000e+01	2.30736000000000e+01	2.07243000000000e+01	0.00000000000000e+00	1.69646003293849e+02	3.51427000000000e-01	5.96181859995474e+01	0.00000000000000e+00	1
4	28	12	20	3.00319367375437e-02	0.00000000000000e+00	1.68400000000000e+01	1.68400000000000e+01	1.75033000000000e+01	0.00000000000000e+00	2.26194671058465e+02	1.38429000000000e-01	3.13119021199523e+01	0.00000000000000e+00	1
4	34	14	24	3.00464369990265e-02	0.00000000000000e+00	2.73793000000000e+01	2.73793000000000e+01	2.93149000000000e+01	0.00000000000000e+00	2.82743338823081e+02	7.61629000000000e-02	2.15345526404485e+01	0.00000000000000e+00	1
4	40	16	28	3.00514129424184e-02	0.00000000000000e+00	1.84200000000000e+01	1.84200000000000e+01	1.47643000000000e+01	0.00000000000000e+00	3.39292006587698e+02	5.73263000000000e-02	1.94503553572483e+01	0.00000000000000e+00	1
5	8	6	7	3.00009836374115e-02	0.00000000000000e+00	1.51516000000000e+01	1.51516000000000e+01	1.43934000000000e+01	0.00000000000000e+00	2.82743338823081e+01	3.59561000000000e+01	1.01663477650566e+03	0.00000000000000e+00	1
5	11	7	9	3.00015286764953e-02	0.00000000000000e+00	1.95306000000000e+01	1.95306000000000e+01	1.85655000000000e+01	0.00000000000000e+00	5.65486677646163e+01	1.15681000000000e+01	6.54160643567858e+02	0.00000000000000e+00	1
5	14	8	11	3.00029124589090e-02	0.00000000000000e+00	2.16595000000000e+01	2.16595000000000e+01	2.06735000000000e+01	0.00000000000000e+00	8.48230016469244e+01	4.04787000000000e+00	3.43352483676536e+02	0.00000000000000e+00	1
5	17	9	13	3.00050771985546e-02	0.00000000000000e+00	2.31004000000000e+01	2.31004000000000e+01	2.19730000000000e+01	0.00000000000000e+00	1.13097335529233e+02	1.74150000000000e+00	1.96959009824159e+02	0.00000000000000e+00	1
5	23	11	17	3.00163360294481e-02	0.00000000000000e+00	2.27426000000000e+01	2.27426000000000e+01	2.12304000000000e+01	0.00000000000000e+00	1.69646003293849e+02	3.60836000000000e-01	6.12143852445392e+01	0.00000000000000e+00	1
5	29	13	21	3.00321067470474e-02	0.00000000000000e+00	1.69557000000000e+01	1.69557000000000e+01	1.84041000000000e+01	0.00000000000000e+00	2.26194671058465e+02	1.37696000000000e-01	3.11461014260664e+01	0.00000000000000e+00	1
5	35	15	25	3.00452708552617e-02	0.00000000000000e+00	1.88339000000000e+01	1.88339000000000e+01	1.07124000000000e+01	0.00000000000000e+00	2.82743338823081e+02	7.81248000000000e-02	2.20892667968855e+01	0.00000000000000e+00	1
5	41	17	29	3.00530288876987e-02	0.00000000000000e+00	1.91680000000000e+01	1.91680000000000e+01	1.27875000000000e+01	0.00000000000000e+00	3.39292006587698e+02	5.55794000000000e-02	1.88576461509403e+01	0.00000000000000e+00	1
6	9	7	8	3.00009555807913e-02	0.00000000000000e+00	1.54731000000000e+01	1.54731000000000e+01	1.46619000000000e+01	0.00000000000000e+00	2.82743338823081e+01	3.70118000000000e+01	1.04648399078521e+03	0.00000000000000e+00	1
6	12	8	10	3.00015220845368e-02	0.00000000000000e+00	1.95468000000000e+01	1.95468000000000e+01	1.85593000000000e+01	0.00000000000000e+00	5.65486677646163e+01	1.16182000000000e+01	6.56993731822865e+02	0.00000000000000e+00	1
6	15	9	12	3.00028449180481e-02	0.00000000000000e+00	2.20082000000000e+01	2.20082000000000e+01	2.10813000000000e+01	0.00000000000000e+00	8.48230016469244e+01	4.14397000000000e+00	3.51503974134805e+02	0.00000000000000e+00	1
6	18	10	14	3.00048242015260e-02	0.00000000000000e+00	2.31278000000000e+01	2.31278000000000e+01	2.21381000000000e+01	0.00000000000000e+00	1.13097335529233e+02	1.83283000000000e+00	2.07288189478043e+02	0.00000000000000e+00	1
6	24	12	18	3.00157558544167e-02	0.00000000000000e+00	2.10026000000000e+01	2.10026000000000e+01	2.07129000000000e+01	0.00000000000000e+00	1.69646003293849e+02	3.74123000000000e-01	6.34684716903046e+01	0.00000000000000e+00	1
6	30	14	22	3.00317352244052e-02	0.00000000000000e+00	1.43645000000000e+01	1.43645000000000e+01	1.47489000000000e+01	0.00000000000000e+00	2.26194671058465e+02	1.39308000000000e-01	3.15107272358127e+01	0.00000000000000e+00	1
6	36	16	26	3.00446018683418e-02	0.00000000000000e+00	5.89140000000000e+00	5.89140000000000e+00	3.71314000000000e+00	0.00000000000000e+00	2.82743338823081e+02	7.92966000000000e-02	2.24205854413183e+01	0.00000000000000e+00	1
7	10	8	9	3.00010471860133e-02	0.00000000000000e+00	1.45989000000000e+01	1.45989000000000e+01	1.38487000000000e+01	0.00000000000000e+00	2.82743338823081e+01	3.37741000000000e+01	9.54940179974463e+02	0.00000000000000e+00	1
7	13	9	11	3.00016276307494e-02	0.00000000000000e+00	1.94357000000000e+01	1.94357000000000e+01	1.84442000000000e+01	0.00000000000000e+00	5.65486677646163e+01	1.08648000000000e+01	6.14389965529003e+02	0.00000000000000e+00	1
7	16	10	13	3.00027937417756e-02	0.00000000000000e+00	2.17092000000000e+01	2.17092000000000e+01	2.05891000000000e+01	0.00000000000000e+00	8.48230016469244e+01	4.21988000000000e+00	3.57942888189823e+02	0.00000000000000e+00	1
7	19	11	15	3.00053949474858e-02	0.00000000000000e+00	2.25094000000000e+01	2.25094000000000e+01	2.13820000000000e+01	0.00000000000000e+00	1.13097335529233e+02	1.63893000000000e+00	1.85358616118925e+02	0.00000000000000e+00	1
7	25	13	19	3.00156437498591e-02	0.00000000000000e+00	2.26486000000000e+01	2.26486000000000e+01	1.99703000000000e+01	0.00000000000000e+00	1.69646003293849e+02	3.76804000000000e-01	6.39232926251354e+01	0.00000000000000e+00	1
7	31	15	23	3.00319838715243e-02	0.00000000000000e+00	2.65259000000000e+01	2.65259000000000e+01	2.43667000000000e+01	0.00000000000000e+00	2.26194671058465e+02	1.38225000000000e-01	3.12657584070563e+01	0.00000000000000e+00	1
7	37	17	27	3.00465279009178e-02	0.00000000000000e+00	3.31570000000000e+00	3.31570000000000e+00	9.88775000000000e+00	0.00000000000000e+00	2.82743338823081e+02	7.60141000000000e-02	2.14924804316316e+01	0.00000000000000e+00	1
8	11	9	10	3.00011133842829e-02	0.00000000000000e+00	1.47271000000000e+01	1.47271000000000e+01	1.39883000000000e+01	0.00000000000000e+00	2.82743338823081e+01	3.17660000000000e+01	8.98162490105400e+02	0.00000000000000e+00	1
8	14	10	12	3.00016489852357e-02	0.00000000000000e+00	1.90687000000000e+01	1.90687000000000e+01	1.81244000000000e+01	0.00000000000000e+00	5.65486677646163e+01	1.07241000000000e+01	6.06433567974521e+02	0.00000000000000e+00	1
8	17	11	14	3.00026373405346e-02	0.00000000000000e+00	2.11366000000000e+01	2.11366000000000e+01	2.01463000000000e+01	0.00000000000000e+00	8.48230016469244e+01	4.47013000000000e+00	3.79169844351966e+02	0.00000000000000e+00	1
8	20	12	16	3.00049362125024e-02	0.00000000000000e+00	2.26247000000000e+01	2.26247000000000e+01	2.15049000000000e+01	0.00000000000000e+00	1.13097335529233e+02	1.79124000000000e+00	2.02584471293383e+02	0.00000000000000e+00	1
8	26	14	20	3.00160764614875e-02	0.00000000000000e+00	2.15264000000000e+01	2.15264000000000e+01	2.07512000000000e+01	0.00000000000000e+00	1.69646003293849e+02	3.66662000000000e-01	6.22027428597292e+01	0.00000000000000e+00	1
8	32	16	24	3.00315984493102e-02	0.00000000000000e+00	2.69826000000000e+01	2.69826000000000e+01	2.25689000000000e+01	0.00000000000000e+00	2.26194671058465e+02	1.39911000000000e-01	3.16471226224609e+01	0.00000000000000e+00	1
8	38	18	28	3.00454650533693e-02	0.00000000000000e+00	9.82946000000000e+00	9.82946000000000e+00	1.32665000000000e+01	0.00000000000000e+00	2.82743338823081e+02	7.77911000000000e-02	2.19949153447202e+01	0.00000000000000e+00	1
9	12	10	11	3.00011107757119e-02	0.00000000000000e+00	1.46876000000000e+01	1.46876000000000e+01	1.39041000000000e+01	0.00000000000000e+00	2.82743338823081e+01	3.18406000000000e+01	9.00271755413021e+02	0.00000000000000e+00	1
9	15	11	13	3.00015275936669e-02	0.00000000000000e+00	1.86265000000000e+01	1.86265000000000e+01	1.76785000000000e+01	0.00000000000000e+00	5.65486677646163e+01	1.15763000000000e+01	6.54624342643527e+02	0.00000000000000e+00	1
9	18	12	15	3.00027925770657e-02	0.00000000000000e+00	2.16169000000000e+01	2.16169000000000e+01	2.05431000000000e+01	0.00000000000000e+00	8.48230016469244e+01	4.22164000000000e+00	3.58092176672722e+02	0.00000000000000e+00	1
9	21	13	17	3.00051559214669e-02	0.00000000000000e+00	2.35358000000000e+01	2.35358000000000e+01	2.21883000000000e+01	0.00000000000000e+00	1.13097335529233e+02	1.71491000000000e+00	1.93951751672436e+02	0.00000000000000e+00	1
9	27	15	21	3.00153481543867e-02	0.00000000000000e+00	2.04514000000000e+01	2.04514000000000e+01	2.03084000000000e+01	0.00000000000000e+00	1.69646003293849e+02	3.84061000000000e-01	6.51544136710389e+01	0.00000000000000e+00	1
9	33	17	25	3.00324520163652e-02	0.00000000000000e+00	1.77911000000000e+01	1.77911000000000e+01	1.76320000000000e+01	0.00000000000000e+00	2.26194671058465e+02	1.36231000000000e-01	3.08147262329658e+01	0.00000000000000e+00	1
9	39	19	29	3.00475117747603e-02	0.00000000000000e+00	1.44849000000000e+01	1.44849000000000e+01	1.91752000000000e+01	0.00000000000000e+00	2.82743338823081e+02	7.44400000000000e-02	2.10474141419902e+01	0.00000000000000e+00	1
10	13	11	12	3.00011650919790e-02	0.00000000000000e+00	1.37059000000000e+01	1.37059000000000e+01	1.30201000000000e+01	0.00000000000000e+00	2.82743338823081e+01	3.03562000000000e+01	8.58301334198122e+02	0.00000000000000e+00	1
10	16	12	14	3.00015377556623e-02	0.00000000000000e+00	1.79623000000000e+01	1.79623000000000e+01	1.70495000000000e+01	0.00000000000000e+00	5.65486677646163e+01	1.14998000000000e+01	6.50298369559534e+02	0.00000000000000e+00	1
10	19	13	16	3.00028355914575e-02	0.00000000000000e+00	2.15116000000000e+01	2.15116000000000e+01	2.04509000000000e+01	0.00000000000000e+00	8.48230016469244e+01	4.15760000000000e+00	3.52660111647253e+02	0.00000000000000e+00	1
10	22	14	18	3.00054631143313e-02	0.00000000000000e+00	2.23257000000000e+01	2.23257000000000e+01	2.11752000000000e+01	0.00000000000000e+00	1.13097335529233e+02	1.61848000000000e+00	1.83045775607352e+02	0.00000000000000e+00	1
10	28	16	22	3.00150326365823e-02	0.00000000000000e+00	2.14110000000000e+01	2.14110000000000e+01	1.92208000000000e+01	0.00000000000000e+00	1.69646003293849e+02	3.92122000000000e-01	6.65219301035906e+01	0.00000000000000e+00	1
10	34	18	26	3.00322296304718e-02	0.00000000000000e+00	1.49834000000000e+01	1.49834000000000e+01	1.62979000000000e+01	0.00000000000000e+00	2.26194671058465e+02	1.37171000000000e-01	3.10273492237607e+01	0.00000000000000e+00	1
10	40	20	30	3.00488460515085e-02	0.00000000000000e+00	2.49621000000000e+01	2.49621000000000e+01	2.38466000000000e+01	0.00000000000000e+00	2.82743338823081e+02	7.24066000000000e-02	2.04724838368273e+01	0.00000000000000e+00	1
11	14	12	13	3.00010557699408e-02	0.00000000000000e+00	1.35429000000000e+01	1.35429000000000e+01	1.28468000000000e+01	0.00000000000000e+00	2.82743338823081e+01	3.34995000000000e+01	9.47176047890381e+02	0.00000000000000e+00	1
11	17	13	15	3.00016984951799e-02	0.00000000000000e+00	1.81356000000000e+01	1.81356000000000e+01	1.72020000000000e+01	0.00000000000000e+00	5.65486677646163e+01	1.04115000000000e+01	5.88756454431302e+02	0.00000000000000e+00	1
11	20	14	17	3.00027784794568e-02	0.00000000000000e+00	2.20085000000000e+01	2.20085000000000e+01	2.09418000000000e+01	0.00000000000000e+00	8.48230016469244e+01	4.24306000000000e+00	3.59909085367999e+02	0.00000000000000e+00	1
11	23	15	19	3.00050472598842e-02	0.00000000000000e+00	2.33562000000000e+01	2.33562000000000e+01	2.22523000000000e+01	0.00000000000000e+00	1.13097335529233e+02	1.75183000000000e+00	1.98127305300175e+02	0.00000000000000e+00	1
11	29	17	23	3.00153756179248e-02	0.00000000000000e+00	2.15981000000000e+01	2.15981000000000e+01	2.17180000000000e+01	0.00000000000000e+00	1.69646003293849e+02	3.83375000000000e-01	6.50380365127793e+01	0.00000000000000e+00	1
11	35	19	27	3.00332751570547e-02	0.00000000000000e+00	1.33058000000000e+01	1.33058000000000e+01	1.54489000000000e+01	0.00000000000000e+00	2.26194671058465e+02	1.32861000000000e-01	3.00524501914987e+01	0.00000000000000e+00	1
11	41	21	31	3.00504103710984e-02	0.00000000000000e+00	1.34492000000000e+01	1.34492000000000e+01	1.30276000000000e+01	0.00000000000000e+00	2.82743338823081e+02	7.01597000000000e-02	1.98371878288257e+01	0.00000000000000e+00	1
12	15	13	14	3.00010432722865e-02	0.00000000000000e+00	1.26674000000000e+01	1.26674000000000e+01	1.20622000000000e+01	0.00000000000000e+00	2.82743338823081e+01	3.39008000000000e+01	9.58522538077352e+02	0.00000000000000e+00	1
12	18	14	16	3.00016436362641e-02	0.00000000000000e+00	1.83474000000000e+01	1.83474000000000e+01	1.74110000000000e+01	0.00000000000000e+00	5.65486677646163e+01	1.07590000000000e+01	6.08407116479507e+02	0.00000000000000e+00	1
12	21	15	18	3.00027390628151e-02	0.00000000000000e+00	2.16649000000000e+01	2.16649000000000e+01	2.07102000000000e+01	0.00000000000000e+00	8.48230016469244e+01	4.30412000000000e+00	3.65088377848560e+02	0.00000000000000e+00	1
12	24	16	20	3.00052332804297e-02	0.00000000000000e+00	2.40833000000000e+01	2.40833000000000e+01	2.26409000000000e+01	0.00000000000000e+00	1.13097335529233e+02	1.68956000000000e+00	1.91084734216770e+02	0.00000000000000e+00	1
12	30	18	24	3.00152113139120e-02	0.00000000000000e+00	2.35147000000000e+01	2.35147000000000e+01	2.18988000000000e+01	0.00000000000000e+00	1.69646003293849e+02	3.87516000000000e-01	6.57405406124191e+01	0.00000000000000e+00	1
12	36	20	28	3.00338522668492e-02	0.00000000000000e+00	1.42302000000000e+01	1.42302000000000e+01	1.49481000000000e+01	0.00000000000000e+00	2.26194671058465e+02	1.30596000000000e-01	2.95401192615513e+01	0.00000000000000e+00	1
13	16	14	15	3.00012624896975e-02	0.00000000000000e+00	1.15602000000000e+01	1.15602000000000e+01	1.09952000000000e+01	0.00000000000000e+00	2.82743338823081e+01	2.80143000000000e+01	7.92085671679145e+02	0.00000000000000e+00	1
13	19	15	17	3.00014598852959e-02	0.00000000000000e+00	1.87441000000000e+01	1.87441000000000e+01	1.77690000000000e+01	0.00000000000000e+00	5.65486677646163e+01	1.21132000000000e+01	6.84985322366350e+02	0.00000000000000e+00	1
13	22	16	19	3.00026870709404e-02	0.00000000000000e+00	2.18316000000000e+01	2.18316000000000e+01	2.07839000000000e+01	0.00000000000000e+00	8.48230016469244e+01	4.38740000000000e+00	3.72152437425716e+02	0.00000000000000e+00	1
13	25	17	21	3.00046814215282e-02	0.00000000000000e+00	2.33852000000000e+01	2.33852000000000e+01	2.22011000000000e+01	0.00000000000000e+00	1.13097335529233e+02	1.88873000000000e+00	2.13610330534127e+02	0.00000000000000e+00	1
13	31	19	25	3.00157037636053e-02	0.00000000000000e+00	2.11633000000000e+01	2.11633000000000e+01	2.13503000000000e+01	0.00000000000000e+00	1.69646003293849e+02	3.75364000000000e-01	6.36790023803923e+01	0.00000000000000e+00	1
13	37	21	29	3.00355469216165e-02	0.00000000000000e+00	2.36773000000000e+01	2.36773000000000e+01	1.97022000000000e+01	0.00000000000000e+00	2.26194671058465e+02	1.24370000000000e-01	2.81318312395413e+01	0.00000000000000e+00	1
14	17	15	16	3.00010622928332e-02	0.00000000000000e+00	1.26024000000000e+01	1.26024000000000e+01	1.19517000000000e+01	0.00000000000000e+00	2.82743338823081e+01	3.32938000000000e+01	9.41360017410791e+02	0.00000000000000e+00	1
14	20	16	18	3.00014708989450e-02	0.00000000000000e+00	1.83027000000000e+01	1.83027000000000e+01	1.74077000000000e+01	0.00000000000000e+00	5.65486677646163e+01	1.20225000000000e+01	6.79856358200099e+02	0.00000000000000e+00	1
14	23	17	20	3.00026186764173e-02	0.00000000000000e+00	2.17182000000000e+01	2.17182000000000e+01	2.06756000000000e+01	0.00000000000000e+00	8.48230016469244e+01	4.50199000000000e+00	3.81872305184437e+02	0.00000000000000e+00	1
14	26	18	22	3.00045488150895e-02	0.00000000000000e+00	2.39339000000000e+01	2.39339000000000e+01	2.29512000000000e+01	0.00000000000000e+00	1.13097335529233e+02	1.94379000000000e+00	2.19837469828367e+02	0.00000000000000e+00	1
14	32	20	26	3.00153203109529e-02	0.00000000000000e+00	2.21792000000000e+01	2.21792000000000e+01	2.24431000000000e+01	0.00000000000000e+00	1.69646003293849e+02	3.84759000000000e-01	6.52728265813380e+01	0.00000000000000e+00	1
14	38	22	30	3.00372358113135e-02	0.00000000000000e+00	1.96325000000000e+01	1.96325000000000e+01	1.65536000000000e+01	0.00000000000000e+00	2.26194671058465e+02	1.18729000000000e-01	2.68558671001005e+01	0.00000000000000e+00	1
15	18	16	17	3.00011689118264e-02	0.00000000000000e+00	1.27688000000000e+01	1.27688000000000e+01	1.21134000000000e+01	0.00000000000000e+00	2.82743338823081e+01	3.02570000000000e+01	8.55496520276997e+02	0.00000000000000e+00	1
15	21	17	19	3.00015577082198e-02	0.00000000000000e+00	1.89254000000000e+01	1.89254000000000e+01	1.79723000000000e+01	0.00000000000000e+00	5.65486677646163e+01	1.13525000000000e+01	6.41968750797806e+02	0.00000000000000e+00	1
15	24	18	21	3.00026250904687e-02	0.00000000000000e+00	2.24257000000000e+01	2.24257000000000e+01	2.12617000000000e+01	0.00000000000000e+00	8.48230016469244e+01	4.49099000000000e+00	3.80939252166321e+02	0.00000000000000e+00	1
15	27	19	23	3.00052562709375e-02	0.00000000000000e+00	2.45362000000000e+01	2.45362000000000e+01	2.30339000000000e+01	0.00000000000000e+00	1.13097335529233e+02	1.68217000000000e+00	1.90248944907209e+02	0.00000000000000e+00	1
15	33	21	27	3.00169172438272e-02	0.00000000000000e+00	2.42745000000000e+01	2.42745000000000e+01	2.20205000000000e+01	0.00000000000000e+00	1.69646003293849e+02	3.48439000000000e-01	5.91112837417054e+01	0.00000000000000e+00	1
15	39	23	31	3.00383834782507e-02	0.00000000000000e+00	1.66454000000000e+01	1.66454000000000e+01	1.49312000000000e+01	0.00000000000000e+00	2.26194671058465e+02	1.15179000000000e-01	2.60528760178430e+01	0.00000000000000e+00	1
16	19	17	18	3.00011434555143e-02	0.00000000000000e+00	1.31196000000000e+01	1.31196000000000e+01	1.24760000000000e+01	0.00000000000000e+00	2.82743338823081e+01	3.09306000000000e+01	8.74542111580120e+02	0.00000000000000e+00	1
16	22	18	20	3.00015391610077e-02	0.00000000000000e+00	1.97191000000000e+01	1.97191000000000e+01	1.87429000000000e+01	0.00000000000000e+00	5.65486677646163e+01	1.14893000000000e+01	6.49704608548006e+02	0.00000000000000e+00	1
16	25	19	22	3.00025911304865e-02	0.00000000000000e+00	2.25886000000000e+01	2.25886000000000e+01	2.15069000000000e+01	0.00000000000000e+00	8.48230016469244e+01	4.54985000000000e+00	3.85931934043259e+02	0.00000000000000e+00	1
16	28	20	24	3.00048710294031e-02	0.00000000000000e+00	2.42513000000000e+01	2.42513000000000e+01	2.32947000000000e+01	0.00000000000000e+00	1.13097335529233e+02	1.81521000000000e+00	2.05295414426018e+02	0.00000000000000e+00	1
16	34	22	28	3.00174356511996e-02	0.00000000000000e+00	2.08013000000000e+01	2.08013000000000e+01	1.97882000000000e+01	0.00000000000000e+00	1.69646003293849e+02	3.38079000000000e-01	5.73537511475811e+01	0.00000000000000e+00	1
16	40	24	32	3.00400838733323e-02	0.00000000000000e+00	2.33388000000000e+01	2.33388000000000e+01	2.05313000000000e+01	0.00000000000000e+00	2.26194671058465e+02	1.10293000000000e-01	2.49476888550513e+01	0.00000000000000e+00	1
17	20	18	19	3.00009615299850e-02	0.00000000000000e+00	1.49221000000000e+01	1.49221000000000e+01	1.41713000000000e+01	0.00000000000000e+00	2.82743338823081e+01	3.67828000000000e+01	1.04000916832616e+03	0.00000000000000e+00	1
17	23	19	21	3.00014279505629e-02	0.00000000000000e+00	2.00422000000000e+01	2.00422000000000e+01	1.90068000000000e+01	0.00000000000000e+00	5.65486677646163e+01	1.23841000000000e+01	7.00304356463785e+02	0.00000000000000e+00	1
17	26	20	23	3.00025647772362e-02	0.00000000000000e+00	2.29890000000000e+01	2.29890000000000e+01	2.18395000000000e+01	0.00000000000000e+00	8.48230016469244e+01	4.59660000000000e+00	3.89897409370253e+02	0.00000000000000e+00	1
17	29	21	25	3.00051396475597e-02	0.00000000000000e+00	2.60458000000000e+01	2.60458000000000e+01	2.47743000000000e+01	0.00000000000000e+00	1.13097335529233e+02	1.72034000000000e+00	1.94565870204360e+02	0.00000000000000e+00	1
17	35	23	29	3.00170130413330e-02	0.00000000000000e+00	2.53247000000000e+01	2.53247000000000e+01	2.42693000000000e+01	0.00000000000000e+00	1.69646003293849e+02	3.46477000000000e-01	5.87784382832429e+01	0.00000000000000e+00	1
17	41	25	33	3.00406451286333e-02	0.00000000000000e+00	1.56505000000000e+01	1.56505000000000e+01	1.51625000000000e+01	0.00000000000000e+00	2.26194671058465e+02	1.08770000000000e-01	2.46031943710293e+01	0.00000000000000e+00	1
18	21	19	20	3.00010487074948e-02	0.00000000000000e+00	1.48223000000000e+01	1.48223000000000e+01	1.40854000000000e+01	0.00000000000000e+00	2.82743338823081e+01	3.37251000000000e+01	9.53554737614230e+02	0.00000000000000e+00	1
18	24	20	22	3.00013640655785e-02	0.00000000000000e+00	2.04456000000000e+01	2.04456000000000e+01	1.94090000000000e+01	0.00000000000000e+00	5.65486677646163e+01	1.29641000000000e+01	7.33102583767262e+02	0.00000000000000e+00	1
18	27	21	24	3.00027168689377e-02	0.00000000000000e+00	2.33627000000000e+01	2.33627000000000e+01	2.21853000000000e+01	0.00000000000000e+00	8.48230016469244e+01	4.33928000000000e+00	3.68070754586466e+02	0.00000000000000e+00	1
18	30	22	26	3.00052038969354e-02	0.00000000000000e+00	2.54079000000000e+01	2.54079000000000e+01	2.39187000000000e+01	0.00000000000000e+00	1.13097335529233e+02	1.69910000000000e+00	1.92163682797719e+02	0.00000000000000e+00	1
18	36	24	30	3.00176884107989e-02	0.00000000000000e+00	2.38932000000000e+01	2.38932000000000e+01	2.21234000000000e+01	0.00000000000000e+00	1.69646003293849e+02	3.33248000000000e-01	5.65341913056685e+01	0.00000000000000e+00	1
19	22	20	21	3.00009191087728e-02	0.00000000000000e+00	1.54783000000000e+01	1.54783000000000e+01	1.46893000000000e+01	0.00000000000000e+00	2.82743338823081e+01	3.84805000000000e+01	1.08801050495816e+03	0.00000000000000e+00	1
19	25	21	23	3.00014288043312e-02	0.00000000000000e+00	2.05735000000000e+01	2.05735000000000e+01	1.95364000000000e+01	0.00000000000000e+00	5.65486677646163e+01	1.23767000000000e+01	6.99885896322326e+02	0.00000000000000e+00	1
19	28	22	25	3.00026491755451e-02	0.00000000000000e+00	2.40048000000000e+01	2.40048000000000e+01	2.27590000000000e+01	0.00000000000000e+00	8.48230016469244e+01	4.45016000000000e+00	3.77475929009077e+02	0.00000000000000e+00	1
19	31	23	27	3.00051285577549e-02	0.00000000000000e+00	2.42413000000000e+01	2.42413000000000e+01	2.27779000000000e+01	0.00000000000000e+00	1.13097335529233e+02	1.72406000000000e+00	1.94986592292529e+02	0.00000000000000e+00	1
19	37	25	31	3.00182816561588e-02	0.00000000000000e+00	2.19505000000000e+01	2.19505000000000e+01	2.09686000000000e+01	0.00000000000000e+00	1.69646003293849e+02	3.22434000000000e-01	5.46996394260489e+01	0.00000000000000e+00	1
20	23	21	22	3.00009577570531e-02	0.00000000000000e+00	1.54457000000000e+01	1.54457000000000e+01	1.46720000000000e+01	0.00000000000000e+00	2.82743338823081e+01	3.69277000000000e+01	1.04410611930571e+03	0.00000000000000e+00	1
20	26	22	24	3.00015134220447e-02	0.00000000000000e+00	2.06143000000000e+01	2.06143000000000e+01	1.95461000000000e+01	0.00000000000000e+00	5.65486677646163e+01	1.16847000000000e+01	6.60754218229212e+02	0.00000000000000e+00	1
20	29	23	26	3.00027118006537e-02	0.00000000000000e+00	2.38724000000000e+01	2.38724000000000e+01	2.27065000000000e+01	0.00000000000000e+00	8.48230016469244e+01	4.34739000000000e+00	3.68758669129823e+02	0.00000000000000e+00	1
20	32	24	28	3.00053458251156e-02	0.00000000000000e+00	2.41440000000000e+01	2.41440000000000e+01	2.30124000000000e+01	0.00000000000000e+00	1.13097335529233e+02	1.65399000000000e+00	1.87061861991995e+02	0.00000000000000e+00	1
20	38	26	32	3.00193877348693e-02	0.00000000000000e+00	2.21648000000000e+01	2.21648000000000e+01	2.09472000000000e+01	0.00000000000000e+00	1.69646003293849e+02	3.04039000000000e-01	5.15790011954585e+01	0.00000000000000e+00	1
21	24	22	23	3.00009851854932e-02	0.00000000000000e+00	1.52017000000000e+01	1.52017000000000e+01	1.44251000000000e+01	0.00000000000000e+00	2.82743338823081e+01	3.58996000000000e+01	1.01503727664131e+03	0.00000000000000e+00	1
21	27	23	25	3.00014571185845e-02	0.00000000000000e+00	2.06110000000000e+01	2.06110000000000e+01	1.95137000000000e+01	0.00000000000000e+00	5.65486677646163e+01	1.21362000000000e+01	6.86285941724936e+02	0.00000000000000e+00	1
21	30	24	27	3.00025241414473e-02	0.00000000000000e+00	2.37090000000000e+01	2.37090000000000e+01	2.24933000000000e+01	0.00000000000000e+00	8.48230016469244e+01	4.67060000000000e+00	3.96174311492125e+02	0.00000000000000e+00	1
21	33	25	29	3.00051354086997e-02	0.00000000000000e+00	2.51520000000000e+01	2.51520000000000e+01	2.36944000000000e+01	0.00000000000000e+00	1.13097335529233e+02	1.72176000000000e+00	1.94726468420811e+02	0.00000000000000e+00	1
21	39	27	33	3.00196276259958e-02	0.00000000000000e+00	2.30484000000000e+01	2.30484000000000e+01	2.27189000000000e+01	0.00000000000000e+00	1.69646003293849e+02	3.00323000000000e-01	5.09485966472186e+01	0.00000000000000e+00	1
22	25	23	24	3.00009690966892e-02	0.00000000000000e+00	1.54588000000000e+01	1.54588000000000e+01	1.47007000000000e+01	0.00000000000000e+00	2.82743338823081e+01	3.64956000000000e+01	1.03188877963517e+03	0.00000000000000e+00	1
22	28	24	26	3.00013630352142e-02	0.00000000000000e+00	2.14980000000000e+01	2.14980000000000e+01	2.04504000000000e+01	0.00000000000000e+00	5.65486677646163e+01	1.29739000000000e+01	7.33656760711355e+02	0.00000000000000e+00	1
22	31	25	28	3.00026499973125e-02	0.00000000000000e+00	2.35624000000000e+01	2.35624000000000e+01	2.22814000000000e+01	0.00000000000000e+00	8.48230016469244e+01	4.44878000000000e+00	3.77358873266804e+02	0.00000000000000e+00	1
22	34	26	30	3.00052274019385e-02	0.00000000000000e+00	2.59754000000000e+01	2.59754000000000e+01	2.44580000000000e+01	0.00000000000000e+00	1.13097335529233e+02	1.69146000000000e+00	1.91299619154276e+02	0.00000000000000e+00	1
22	40	28	34	3.00196464008383e-02	0.00000000000000e+00	2.40237000000000e+01	2.40237000000000e+01	2.32731000000000e+01	0.00000000000000e+00	1.69646003293849e+02	3.00036000000000e-01	5.08999082442732e+01	0.00000000000000e+00	1
23	26	24	25	3.00010015139796e-02	0.00000000000000e+00	1.56428000000000e+01	1.56428000000000e+01	1.48456000000000e+01	0.00000000000000e+00	2.82743338823081e+01	3.53143000000000e+01	9.98488309019995e+02	0.00000000000000e+00	1
23	29	25	27	3.00014062170543e-02	0.00000000000000e+00	2.08783000000000e+01	2.08783000000000e+01	1.97713000000000e+01	0.00000000000000e+00	5.65486677646163e+01	1.25755000000000e+01	7.11127771473932e+02	0.00000000000000e+00	1
23	32	26	29	3.00026771249276e-02	0.00000000000000e+00	2.44426000000000e+01	2.44426000000000e+01	2.31397000000000e+01	0.00000000000000e+00	8.48230016469244e+01	4.40370000000000e+00	3.73535052352561e+02	0.00000000000000e+00	1
23	35	27	31	3.00054035526565e-02	0.00000000000000e+00	2.60549000000000e+01	2.60549000000000e+01	2.45239000000000e+01	0.00000000000000e+00	1.13097335529233e+02	1.63632000000000e+00	1.85063432073194e+02	0.00000000000000e+00	1
23	41	29	35	3.00218778161699e-02	0.00000000000000e+00	2.59951000000000e+01	2.59951000000000e+01	2.23996000000000e+01	0.00000000000000e+00	1.69646003293849e+02	2.69434000000000e-01	4.57084012514749e+01	0.00000000000000e+00	1
24	27	25	26	3.00010187096431e-02	0.00000000000000e+00	1.56360000000000e+01	1.56360000000000e+01	1.49347000000000e+01	0.00000000000000e+00	2.82743338823081e+01	3.47182000000000e+01	9.81633978592751e+02	0.00000000000000e+00	1
24	30	26	28	3.00014607656238e-02	0.00000000000000e+00	2.12039000000000e+01	2.12039000000000e+01	2.01039000000000e+01	0.00000000000000e+00	5.65486677646163e+01	1.21059000000000e+01	6.84572517091668e+02	0.00000000000000e+00	1
24	33	27	30	3.00028503725892e-02	0.00000000000000e+00	2.46076000000000e+01	2.46076000000000e+01	2.33961000000000e+01	0.00000000000000e+00	8.48230016469244e+01	4.13604000000000e+00	3.50831327731745e+02	0.00000000000000e+00	1
24	36	28	32	3.00052847655746e-02	0.00000000000000e+00	2.58164000000000e+01	2.58164000000000e+01	2.48355000000000e+01	0.00000000000000e+00	1.13097335529233e+02	1.67310000000000e+00	1.89223152073959e+02	0.00000000000000e+00	1
25	28	26	27	3.00009468317850e-02	0.00000000000000e+00	1.62987000000000e+01	1.62987000000000e+01	1.54729000000000e+01	0.00000000000000e+00	2.82743338823081e+01	3.73538000000000e+01	1.05615381297296e+03	0.00000000000000e+00	1
25	31	27	29	3.00015194297002e-02	0.00000000000000e+00	2.16470000000000e+01	2.16470000000000e+01	2.05961000000000e+01	0.00000000000000e+00	5.65486677646163e+01	1.16385000000000e+01	6.58141669778487e+02	0.00000000000000e+00	1
25	34	28	31	3.00027102421082e-02	0.00000000000000e+00	2.56350000000000e+01	2.56350000000000e+01	2.43771000000000e+01	0.00000000000000e+00	8.48230016469244e+01	4.34989000000000e+00	3.68970726633940e+02	0.00000000000000e+00	1
25	37	29	33	3.00058981664218e-02	0.00000000000000e+00	2.60026000000000e+01	2.60026000000000e+01	2.47452000000000e+01	0.00000000000000e+00	1.13097335529233e+02	1.49910000000000e+00	1.69544215691873e+02	0.00000000000000e+00	1
26	29	27	28	3.00010637721673e-02	0.00000000000000e+00	1.58685000000000e+01	1.58685000000000e+01	1.50596000000000e+01	0.00000000000000e+00	2.82743338823081e+01	3.32475000000000e+01	9.40050915752040e+02	0.00000000000000e+00	1
26	32	28	30	3.00014344718900e-02	0.00000000000000e+00	2.22742000000000e+01	2.22742000000000e+01	2.11570000000000e+01	0.00000000000000e+00	5.65486677646163e+01	1.23278000000000e+01	6.97120666468637e+02	0.00000000000000e+00	1
26	35	29	32	3.00027478026780e-02	0.00000000000000e+00	2.50058000000000e+01	2.50058000000000e+01	2.37114000000000e+01	0.00000000000000e+00	8.48230016469244e+01	4.29043000000000e+00	3.63927150956014e+02	0.00000000000000e+00	1
26	38	30	34	3.00059920177843e-02	0.00000000000000e+00	2.64961000000000e+01	2.64961000000000e+01	2.50639000000000e+01	0.00000000000000e+00	1.13097335529233e+02	1.47562000000000e+00	1.66888690253646e+02	0.00000000000000e+00	1
27	30	28	29	3.00008987722136e-02	0.00000000000000e+00	1.72324000000000e+01	1.72324000000000e+01	1.63422000000000e+01	0.00000000000000e+00	2.82743338823081e+01	3.93512000000000e+01	1.11262896746948e+03	0.00000000000000e+00	1
27	33	29	31	3.00014637036954e-02	0.00000000000000e+00	2.18065000000000e+01	2.18065000000000e+01	2.07418000000000e+01	0.00000000000000e+00	5.65486677646163e+01	1.20816000000000e+01	6.83198384464988e+02	0.00000000000000e+00	1
27	36	30	33	3.00027145855549e-02	0.00000000000000e+00	2.45961000000000e+01	2.45961000000000e+01	2.33387000000000e+01	0.00000000000000e+00	8.48230016469244e+01	4.34293000000000e+00	3.68380358542477e+02	0.00000000000000e+00	1
27	39	31	35	3.00062986659469e-02	0.00000000000000e+00	2.59110000000000e+01	2.59110000000000e+01	2.44120000000000e+01	0.00000000000000e+00	1.13097335529233e+02	1.40378000000000e+00	1.58763777669226e+02	0.00000000000000e+00	1
28	31	29	30	3.00010187037747e-02	0.00000000000000e+00	1.67816000000000e+01	1.67816000000000e+01	1.59052000000000e+01	0.00000000000000e+00	2.82743338823081e+01	3.47184000000000e+01	9.81639633459527e+02	0.00000000000000e+00	1
28	34	30	32	3.00014873779420e-02	0.00000000000000e+00	2.14930000000000e+01	2.14930000000000e+01	2.04295000000000e+01	0.00000000000000e+00	5.65486677646163e+01	1.18893000000000e+01	6.72324075653852e+02	0.00000000000000e+00	1
28	37	31	34	3.00030763914555e-02	0.00000000000000e+00	2.53977000000000e+01	2.53977000000000e+01	2.42354000000000e+01	0.00000000000000e+00	8.48230016469244e+01	3.83217000000000e+00	3.25056162221294e+02	0.00000000000000e+00	1
28	40	32	36	3.00066733143263e-02	0.00000000000000e+00	2.57176000000000e+01	2.57176000000000e+01	2.43438000000000e+01	0.00000000000000e+00	1.13097335529233e+02	1.32497000000000e+00	1.49850576656167e+02	0.00000000000000e+00	1
29	32	30	31	3.00009261438123e-02	0.00000000000000e+00	1.70296000000000e+01	1.70296000000000e+01	1.61205000000000e+01	0.00000000000000e+00	2.82743338823081e+01	3.81882000000000e+01	1.07974591716436e+03	0.00000000000000e+00	1
29	35	31	33	3.00015173827947e-02	0.00000000000000e+00	2.16329000000000e+01	2.16329000000000e+01	2.05274000000000e+01	0.00000000000000e+00	5.65486677646163e+01	1.16542000000000e+01	6.59029483862391e+02	0.00000000000000e+00	1
29	38	32	35	3.00031548475178e-02	0.00000000000000e+00	2.45090000000000e+01	2.45090000000000e+01	2.32972000000000e+01	0.00000000000000e+00	8.48230016469244e+01	3.73687000000000e+00	3.16972530164342e+02	0.00000000000000e+00	1
29	41	33	37	3.00068331359703e-02	0.00000000000000e+00	2.71119000000000e+01	2.71119000000000e+01	2.57289000000000e+01	0.00000000000000e+00	1.13097335529233e+02	1.29398000000000e+00	1.46345690228116e+02	0.00000000000000e+00	1
30	33	31	32	3.00009830632578e-02	0.00000000000000e+00	1.58656000000000e+01	1.58656000000000e+01	1.50498000000000e+01	0.00000000000000e+00	2.82743338823081e+01	3.59771000000000e+01	1.01722853751719e+03	0.00000000000000e+00	1
30	36	32	34	3.00015158219957e-02	0.00000000000000e+00	2.16455000000000e+01	2.16455000000000e+01	2.04641000000000e+01	0.00000000000000e+00	5.65486677646163e+01	1.16662000000000e+01	6.59708067875566e+02	0.00000000000000e+00	1
30	39	33	36	3.00032807074542e-02	0.00000000000000e+00	2.48529000000000e+01	2.48529000000000e+01	2.35732000000000e+01	0.00000000000000e+00	8.48230016469244e+01	3.59351000000000e+00	3.04812304648239e+02	0.00000000000000e+00	1
31	34	32	33	3.00009691524554e-02	0.00000000000000e+00	1.54963000000000e+01	1.54963000000000e+01	1.47148000000000e+01	0.00000000000000e+00	2.82743338823081e+01	3.64935000000000e+01	1.03182940353401e+03	0.00000000000000e+00	1
31	37	33	35	3.00016544774819e-02	0.00000000000000e+00	2.11764000000000e+01	2.11764000000000e+01	2.00484000000000e+01	0.00000000000000e+00	5.65486677646163e+01	1.06885000000000e+01	6.04420435402101e+02	0.00000000000000e+00	1
31	40	34	37	3.00032505135375e-02	0.00000000000000e+00	2.59341000000000e+01	2.59341000000000e+01	2.44772000000000e+01	0.00000000000000e+00	8.48230016469244e+01	3.62689000000000e+00	3.07643696443214e+02	0.00000000000000e+00	1
32	35	33	34	3.00009619902824e-02	0.00000000000000e+00	1.54047000000000e+01	1.54047000000000e+01	1.46557000000000e+01	0.00000000000000e+00	2.82743338823081e+01	3.67652000000000e+01	1.03951154004984e+03	0.00000000000000e+00	1
32	38	34	36	3.00016626909903e-02	0.00000000000000e+00	2.17915000000000e+01	2.17915000000000e+01	2.07021000000000e+01	0.00000000000000e+00	5.65486677646163e+01	1.06357000000000e+01	6.01434665744129e+02	0.00000000000000e+00	1
32	41	35	38	3.00033131426944e-02	0.00000000000000e+00	2.48446000000000e+01	2.48446000000000e+01	2.34375000000000e+01	0.00000000000000e+00	8.48230016469244e+01	3.55833000000000e+00	3.01828231450301e+02	0.00000000000000e+00	1
33	36	34	35	3.00010162742054e-02	0.00000000000000e+00	1.53729000000000e+01	1.53729000000000e+01	1.45725000000000e+01	0.00000000000000e+00	2.82743338823081e+01	3.48014000000000e+01	9.83986403171759e+02	0.00000000000000e+00	1
33	39	35	37	3.00015788053144e-02	0.00000000000000e+00	2.15334000000000e+01	2.15334000000000e+01	2.04498000000000e+01	0.00000000000000e+00	5.65486677646163e+01	1.12008000000000e+01	6.33390317897914e+02	0.00000000000000e+00	1
34	37	35	36	3.00009958683110e-02	0.00000000000000e+00	1.67890000000000e+01	1.67890000000000e+01	1.58947000000000e+01	0.00000000000000e+00	2.82743338823081e+01	3.55145000000000e+01	1.00414883066323e+03	0.00000000000000e+00	1
34	40	36	38	3.00015875788961e-02	0.00000000000000e+00	2.18022000000000e+01	2.18022000000000e+01	2.07280000000000e+01	0.00000000000000e+00	5.65486677646163e+01	1.11389000000000e+01	6.29889955363284e+02	0.00000000000000e+00	1
35	38	36	37	3.00009709137139e-02	0.00000000000000e+00	1.79519000000000e+01	1.79519000000000e+01	1.70369000000000e+01	0.00000000000000e+00	2.82743338823081e+01	3.64273000000000e+01	1.02995764263100e+03	0.00000000000000e+00	1
35	41	37	39	3.00017387426936e-02	0.00000000000000e+00	2.21688000000000e+01	2.21688000000000e+01	2.10427000000000e+01	0.00000000000000e+00	5.65486677646163e+01	1.01705000000000e+01	5.75128225500030e+02	0.00000000000000e+00	1
36	39	37	38	3.00009510940863e-02	0.00000000000000e+00	1.77467000000000e+01	1.77467000000000e+01	1.68544000000000e+01	0.00000000000000e+00	2.82743338823081e+01	3.71864000000000e+01	1.05142068948106e+03	0.00000000000000e+00	1
37	40	38	39	3.00009059574921e-02	0.00000000000000e+00	1.84352000000000e+01	1.84352000000000e+01	1.74812000000000e+01	0.00000000000000e+00	2.82743338823081e+01	3.90391000000000e+01	1.10380454786482e+03	0.00000000000000e+00	1
38	41	39	40	3.00009018638967e-02	0.00000000000000e+00	1.80311000000000e-02	1.80311000000000e-02	1.70830000000000e-02	0.00000000000000e+00	2.82743338823081e+01	3.92163000000000e+01	1.10881475982876e+03	0.00000000000000e+00	1
0
