41
# x y z
20.25	0	0
24.75	0	0
29.25	0	0
33.75	0	0
38.25	0	0
42.75	0	0
47.25	0	0
51.75	0	0
56.25	0	0
60.75	0	0
65.25	0	0
69.75	0	0
74.25	0	0
78.75	0	0
83.25	0	0
87.75	0	0
92.25	0	0
96.75	0	0
101.25	0	0
105.75	0	0
110.25	0	0
114.75	0	0
119.25	0	0
123.75	0	0
128.25	0	0
132.75	0	0
137.25	0	0
141.75	0	0
146.25	0	0
150.75	0	0
155.25	0	0
159.75	0	0
164.25	0	0
168.75	0	0
173.25	0	0
177.75	0	0
182.25	0	0
186.75	0	0
191.25	0	0
195.75	0	0
200.25	0	0
348
# a b m n err i ip ip1 ip2 iperr k r rhoa u valid 
3	4	2	1	3.00008544734070e-02	0.00000000000000e+00	1.47883000000000e+01	1.47883000000000e+01	1.40280000000000e+01	0.00000000000000e+00	8.48230016469244e+01	1.37971000000000e+01	1.17031143602278e+03	0.00000000000000e+00	1
4	5	3	2	3.00008542443223e-02	0.00000000000000e+00	1.44399000000000e+01	1.44399000000000e+01	1.37645000000000e+01	0.00000000000000e+00	8.48230016469244e+01	1.38008000000000e+01	1.17062528112887e+03	0.00000000000000e+00	1
5	6	2	1	3.00012379913077e-02	0.00000000000000e+00	2.25701000000000e+01	2.25701000000000e+01	2.17341000000000e+01	0.00000000000000e+00	8.48230016469243e+02	9.52289000000000e-01	8.07760114153479e+02	0.00000000000000e+00	1
5	6	4	3	3.00008927939662e-02	0.00000000000000e+00	1.41040000000000e+01	1.41040000000000e+01	1.34191000000000e+01	0.00000000000000e+00	8.48230016469244e+01	1.32049000000000e+01	1.12007925444747e+03	0.00000000000000e+00	1
5	7	3	1	3.00010848315547e-02	0.00000000000000e+00	2.02326000000000e+01	2.02326000000000e+01	1.92008000000000e+01	0.00000000000000e+00	1.69646003293849e+02	5.43368000000000e+00	9.21802095177721e+02	0.00000000000000e+00	1
6	7	3	2	3.00012677149949e-02	0.00000000000000e+00	2.15439000000000e+01	2.15439000000000e+01	2.03953000000000e+01	0.00000000000000e+00	8.48230016469243e+02	9.29961000000000e-01	7.88820834345754e+02	0.00000000000000e+00	1
6	7	5	4	3.00008424326364e-02	0.00000000000000e+00	1.41498000000000e+01	1.41498000000000e+01	1.34248000000000e+01	0.00000000000000e+00	8.48230016469244e+01	1.39943000000000e+01	1.18703853194755e+03	0.00000000000000e+00	1
6	8	4	2	3.00011577525262e-02	0.00000000000000e+00	1.94234000000000e+01	1.94234000000000e+01	1.85301000000000e+01	0.00000000000000e+00	1.69646003293849e+02	5.09144000000000e+00	8.63742447010434e+02	0.00000000000000e+00	1
7	8	2	1	3.00028357722060e-02	0.00000000000000e+00	2.20990000000000e+01	2.20990000000000e+01	2.12753000000000e+01	0.00000000000000e+00	2.96880505764234e+03	1.18781000000000e-01	3.52637633551815e+02	0.00000000000000e+00	1
7	8	4	3	3.00012758188422e-02	0.00000000000000e+00	2.16549000000000e+01	2.16549000000000e+01	2.03878000000000e+01	0.00000000000000e+00	8.48230016469243e+02	9.24054000000000e-01	7.83810339638470e+02	0.00000000000000e+00	1
7	8	6	5	3.00007742336011e-02	0.00000000000000e+00	1.48927000000000e+01	1.48927000000000e+01	1.41430000000000e+01	0.00000000000000e+00	8.48230016469244e+01	1.52270000000000e+01	1.29159984607772e+03	0.00000000000000e+00	1
7	9	5	3	3.00010823237779e-02	0.00000000000000e+00	1.91887000000000e+01	1.91887000000000e+01	1.82224000000000e+01	0.00000000000000e+00	1.69646003293849e+02	5.44627000000000e+00	9.23937938359190e+02	0.00000000000000e+00	1
7	10	4	1	3.00019706201985e-02	0.00000000000000e+00	2.20336000000000e+01	2.20336000000000e+01	2.08540000000000e+01	0.00000000000000e+00	2.54469004940773e+02	1.99417000000000e+00	5.07454455582742e+02	0.00000000000000e+00	1
8	9	3	2	3.00028759892281e-02	0.00000000000000e+00	2.29314000000000e+01	2.29314000000000e+01	2.23296000000000e+01	0.00000000000000e+00	2.96880505764234e+03	1.17120000000000e-01	3.47706448351071e+02	0.00000000000000e+00	1
8	9	5	4	3.00012458987941e-02	0.00000000000000e+00	2.03205000000000e+01	2.03205000000000e+01	1.93622000000000e+01	0.00000000000000e+00	8.48230016469243e+02	9.46245000000000e-01	8.02633411933939e+02	0.00000000000000e+00	1
8	9	7	6	3.00008689270795e-02	0.00000000000000e+00	1.33150000000000e+01	1.33150000000000e+01	1.26316000000000e+01	0.00000000000000e+00	8.48230016469244e+01	1.35676000000000e+01	1.15084455714481e+03	0.00000000000000e+00	1
8	10	6	4	3.00010864771626e-02	0.00000000000000e+00	1.94214000000000e+01	1.94214000000000e+01	1.83265000000000e+01	0.00000000000000e+00	1.69646003293849e+02	5.42545000000000e+00	9.20405908570612e+02	0.00000000000000e+00	1
8	11	5	2	3.00020031357331e-02	0.00000000000000e+00	2.28425000000000e+01	2.28425000000000e+01	2.14192000000000e+01	0.00000000000000e+00	2.54469004940773e+02	1.96180000000000e+00	4.99217293892809e+02	0.00000000000000e+00	1
9	10	2	1	3.00080946496984e-02	0.00000000000000e+00	4.47199000000000e+01	4.47199000000000e+01	3.86971000000000e+01	0.00000000000000e+00	7.12513213834163e+03	1.73384000000000e-02	1.23538391067422e+02	0.00000000000000e+00	1
9	10	4	3	3.00033273654417e-02	0.00000000000000e+00	2.52100000000000e+01	2.52100000000000e+01	2.32510000000000e+01	0.00000000000000e+00	2.96880505764234e+03	1.01232000000000e-01	3.00538073595250e+02	0.00000000000000e+00	1
9	10	6	5	3.00013215942465e-02	0.00000000000000e+00	2.26924000000000e+01	2.26924000000000e+01	2.10883000000000e+01	0.00000000000000e+00	8.48230016469243e+02	8.92048000000000e-01	7.56661889731355e+02	0.00000000000000e+00	1
9	10	8	7	3.00009310222183e-02	0.00000000000000e+00	1.41507000000000e+01	1.41507000000000e+01	1.34049000000000e+01	0.00000000000000e+00	8.48230016469244e+01	1.26627000000000e+01	1.07408822295451e+03	0.00000000000000e+00	1
9	11	3	1	3.00068014671350e-02	0.00000000000000e+00	1.75137000000000e+01	1.75137000000000e+01	1.66021000000000e+01	0.00000000000000e+00	1.69646003293849e+03	8.66670000000000e-02	1.47027101674680e+02	0.00000000000000e+00	1
9	11	7	5	3.00012350330561e-02	0.00000000000000e+00	2.00069000000000e+01	2.00069000000000e+01	1.90119000000000e+01	0.00000000000000e+00	1.69646003293849e+02	4.77285000000000e+00	8.09694926821046e+02	0.00000000000000e+00	1
9	12	6	3	3.00020785188593e-02	0.00000000000000e+00	2.71872000000000e+01	2.71872000000000e+01	2.55543000000000e+01	0.00000000000000e+00	2.54469004940773e+02	1.89065000000000e+00	4.81111824191273e+02	0.00000000000000e+00	1
10	11	3	2	3.00078199344940e-02	0.00000000000000e+00	1.56649000000000e+01	1.56649000000000e+01	1.89183000000000e+01	0.00000000000000e+00	7.12513213834163e+03	1.79475000000000e-02	1.27878309052886e+02	0.00000000000000e+00	1
10	11	5	4	3.00031910328865e-02	0.00000000000000e+00	3.82761000000000e+01	3.82761000000000e+01	3.56035000000000e+01	0.00000000000000e+00	2.96880505764234e+03	1.05557000000000e-01	3.13378155469553e+02	0.00000000000000e+00	1
10	11	7	6	3.00014093584257e-02	0.00000000000000e+00	2.13380000000000e+01	2.13380000000000e+01	2.02009000000000e+01	0.00000000000000e+00	8.48230016469243e+02	8.36498000000000e-01	7.09542712316489e+02	0.00000000000000e+00	1
10	11	9	8	3.00010276099406e-02	0.00000000000000e+00	1.33824000000000e+01	1.33824000000000e+01	1.27022000000000e+01	0.00000000000000e+00	8.48230016469244e+01	1.14725000000000e+01	9.73131886394340e+02	0.00000000000000e+00	1
10	12	4	2	3.00069441365424e-02	0.00000000000000e+00	3.36950000000000e+01	3.36950000000000e+01	3.05959000000000e+01	0.00000000000000e+00	1.69646003293849e+03	8.48864000000000e-02	1.44006384940029e+02	0.00000000000000e+00	1
10	12	8	6	3.00011930850376e-02	0.00000000000000e+00	1.93913000000000e+01	1.93913000000000e+01	1.84104000000000e+01	0.00000000000000e+00	1.69646003293849e+02	4.94066000000000e+00	8.38163222633787e+02	0.00000000000000e+00	1
10	13	7	4	3.00021138948587e-02	0.00000000000000e+00	2.27017000000000e+01	2.27017000000000e+01	2.14793000000000e+01	0.00000000000000e+00	2.54469004940773e+02	1.85901000000000e+00	4.73060424874947e+02	0.00000000000000e+00	1
11	12	4	3	3.00077914126491e-02	0.00000000000000e+00	5.37063000000000e+01	5.37063000000000e+01	5.97610000000000e+01	0.00000000000000e+00	7.12513213834163e+03	1.80132000000000e-02	1.28346430234375e+02	0.00000000000000e+00	1
11	12	6	5	3.00030813606528e-02	0.00000000000000e+00	2.41624000000000e+01	2.41624000000000e+01	2.41043000000000e+01	0.00000000000000e+00	2.96880505764234e+03	1.09314000000000e-01	3.24531956071115e+02	0.00000000000000e+00	1
11	12	8	7	3.00013541357786e-02	0.00000000000000e+00	2.08396000000000e+01	2.08396000000000e+01	1.97326000000000e+01	0.00000000000000e+00	8.48230016469243e+02	8.70611000000000e-01	7.38478382868304e+02	0.00000000000000e+00	1
11	12	10	9	3.00010879610786e-02	0.00000000000000e+00	1.27514000000000e+01	1.27514000000000e+01	1.21078000000000e+01	0.00000000000000e+00	8.48230016469244e+01	1.08361000000000e+01	9.19150528146238e+02	0.00000000000000e+00	1
11	13	5	3	3.00067001153947e-02	0.00000000000000e+00	2.06906000000000e+01	2.06906000000000e+01	2.26768000000000e+01	0.00000000000000e+00	1.69646003293849e+03	8.79780000000000e-02	1.49251160777862e+02	0.00000000000000e+00	1
11	13	9	7	3.00012589843171e-02	0.00000000000000e+00	1.91850000000000e+01	1.91850000000000e+01	1.83067000000000e+01	0.00000000000000e+00	1.69646003293849e+02	4.68205000000000e+00	7.94291069721965e+02	0.00000000000000e+00	1
11	14	8	5	3.00020222886144e-02	0.00000000000000e+00	2.24953000000000e+01	2.24953000000000e+01	2.10910000000000e+01	0.00000000000000e+00	2.54469004940773e+02	1.94322000000000e+00	4.94489259781009e+02	0.00000000000000e+00	1
12	13	5	4	3.00070743266747e-02	0.00000000000000e+00	1.52963000000000e+01	1.52963000000000e+01	1.46719000000000e+01	0.00000000000000e+00	7.12513213834163e+03	1.98391000000000e-02	1.41356209005773e+02	0.00000000000000e+00	1
12	13	7	6	3.00029267169901e-02	0.00000000000000e+00	2.58447000000000e+01	2.58447000000000e+01	2.43175000000000e+01	0.00000000000000e+00	2.96880505764234e+03	1.15090000000000e-01	3.41679774084057e+02	0.00000000000000e+00	1
12	13	9	8	3.00013412716883e-02	0.00000000000000e+00	2.09369000000000e+01	2.09369000000000e+01	1.97175000000000e+01	0.00000000000000e+00	8.48230016469243e+02	8.78961000000000e-01	7.45561103505822e+02	0.00000000000000e+00	1
12	13	11	10	3.00009844478346e-02	0.00000000000000e+00	1.32336000000000e+01	1.32336000000000e+01	1.25677000000000e+01	0.00000000000000e+00	8.48230016469244e+01	1.19755000000000e+01	1.01579785622274e+03	0.00000000000000e+00	1
12	14	6	4	3.00059357563779e-02	0.00000000000000e+00	1.19730000000000e+01	1.19730000000000e+01	1.21895000000000e+01	0.00000000000000e+00	1.69646003293849e+03	9.93071000000000e-02	1.68470526137025e+02	0.00000000000000e+00	1
12	14	10	8	3.00012154898707e-02	0.00000000000000e+00	1.88218000000000e+01	1.88218000000000e+01	1.78987000000000e+01	0.00000000000000e+00	1.69646003293849e+02	4.84959000000000e+00	8.22713561113816e+02	0.00000000000000e+00	1
12	15	9	6	3.00020116363271e-02	0.00000000000000e+00	2.41830000000000e+01	2.41830000000000e+01	2.26904000000000e+01	0.00000000000000e+00	2.54469004940773e+02	1.95351000000000e+00	4.97107745841850e+02	0.00000000000000e+00	1
13	14	6	5	3.00067159675147e-02	0.00000000000000e+00	3.42671000000000e+01	3.42671000000000e+01	3.19509000000000e+01	0.00000000000000e+00	7.12513213834163e+03	2.08977000000000e-02	1.48898873887422e+02	0.00000000000000e+00	1
13	14	8	7	3.00027313082482e-02	0.00000000000000e+00	2.77363000000000e+01	2.77363000000000e+01	2.63242000000000e+01	0.00000000000000e+00	2.96880505764234e+03	1.23324000000000e-01	3.66124914928684e+02	0.00000000000000e+00	1
13	14	10	9	3.00013711640795e-02	0.00000000000000e+00	2.03285000000000e+01	2.03285000000000e+01	1.93516000000000e+01	0.00000000000000e+00	8.48230016469243e+02	8.59799000000000e-01	7.29307319930239e+02	0.00000000000000e+00	1
13	14	12	11	3.00010050601492e-02	0.00000000000000e+00	1.21612000000000e+01	1.21612000000000e+01	1.15632000000000e+01	0.00000000000000e+00	8.48230016469244e+01	1.17299000000000e+01	9.94965327018259e+02	0.00000000000000e+00	1
13	15	3	1	3.00262956618647e-02	0.00000000000000e+00	9.56811000000000e+01	9.56811000000000e+01	8.77213000000000e+01	0.00000000000000e+00	5.93761011528468e+03	6.40478000000000e-03	3.80290865141730e+01	0.00000000000000e+00	1
13	15	7	5	3.00063324193325e-02	0.00000000000000e+00	2.72399000000000e+01	2.72399000000000e+01	2.50148000000000e+01	0.00000000000000e+00	1.69646003293849e+03	9.30865000000000e-02	1.57917526856128e+02	0.00000000000000e+00	1
13	15	11	9	3.00012521193958e-02	0.00000000000000e+00	1.85846000000000e+01	1.85846000000000e+01	1.76466000000000e+01	0.00000000000000e+00	1.69646003293849e+02	4.70772000000000e+00	7.98645882626518e+02	0.00000000000000e+00	1
13	16	4	1	3.00228367717415e-02	0.00000000000000e+00	2.12026000000000e+01	2.12026000000000e+01	1.20803000000000e+01	0.00000000000000e+00	2.54469004940773e+03	1.72080000000000e-02	4.37890263702083e+01	0.00000000000000e+00	1
13	16	10	7	3.00021018536425e-02	0.00000000000000e+00	2.20363000000000e+01	2.20363000000000e+01	2.08445000000000e+01	0.00000000000000e+00	2.54469004940773e+02	1.86966000000000e+00	4.75770519777566e+02	0.00000000000000e+00	1
14	15	7	6	3.00081587398316e-02	0.00000000000000e+00	3.59940000000000e+01	3.59940000000000e+01	2.77686000000000e+01	0.00000000000000e+00	7.12513213834163e+03	1.72022000000000e-02	1.22567948070180e+02	0.00000000000000e+00	1
14	15	9	8	3.00034371321614e-02	0.00000000000000e+00	2.81620000000000e+01	2.81620000000000e+01	2.58689000000000e+01	0.00000000000000e+00	2.96880505764234e+03	9.79991000000000e-02	2.90940223724398e+02	0.00000000000000e+00	1
14	15	11	10	3.00015419478221e-02	0.00000000000000e+00	1.99977000000000e+01	1.99977000000000e+01	1.87519000000000e+01	0.00000000000000e+00	8.48230016469243e+02	7.64569000000000e-01	6.48530375461873e+02	0.00000000000000e+00	1
14	15	13	12	3.00009450986479e-02	0.00000000000000e+00	1.10222000000000e+01	1.10222000000000e+01	1.04667000000000e+01	0.00000000000000e+00	8.48230016469244e+01	1.24741000000000e+01	1.05809060484390e+03	0.00000000000000e+00	1
14	16	4	2	3.00109214072588e-02	0.00000000000000e+00	1.08040000000000e+02	1.08040000000000e+02	1.02740000000000e+02	0.00000000000000e+00	5.93761011528468e+03	1.54209000000000e-02	9.15632918267936e+01	0.00000000000000e+00	1
14	16	8	6	3.00062886759574e-02	0.00000000000000e+00	-2.60151000000000e+01	-2.60151000000000e+01	-2.25030000000000e+01	0.00000000000000e+00	1.69646003293849e+03	9.37340000000000e-02	1.59015984727456e+02	0.00000000000000e+00	1
14	16	12	10	3.00013378971154e-02	0.00000000000000e+00	1.74239000000000e+01	1.74239000000000e+01	1.66099000000000e+01	0.00000000000000e+00	1.69646003293849e+02	4.40589000000000e+00	7.47441629452336e+02	0.00000000000000e+00	1
14	17	5	2	3.00152912195665e-02	0.00000000000000e+00	7.09872000000000e+01	7.09872000000000e+01	6.67939000000000e+01	0.00000000000000e+00	2.54469004940773e+03	2.56994000000000e-02	6.53970074557491e+01	0.00000000000000e+00	1
14	17	11	8	3.00022183438036e-02	0.00000000000000e+00	2.19410000000000e+01	2.19410000000000e+01	2.07895000000000e+01	0.00000000000000e+00	2.54469004940773e+02	1.77148000000000e+00	4.50786752872481e+02	0.00000000000000e+00	1
15	16	8	7	3.00065811801878e-02	0.00000000000000e+00	-2.36195000000000e+01	-2.36195000000000e+01	-2.05396000000000e+01	0.00000000000000e+00	7.12513213834163e+03	2.13257000000000e-02	1.51948430442632e+02	0.00000000000000e+00	1
15	16	10	9	3.00028960927407e-02	0.00000000000000e+00	2.24930000000000e+01	2.24930000000000e+01	2.18303000000000e+01	0.00000000000000e+00	2.96880505764234e+03	1.16307000000000e-01	3.45292809839208e+02	0.00000000000000e+00	1
15	16	12	11	3.00013370185940e-02	0.00000000000000e+00	1.74903000000000e+01	1.74903000000000e+01	1.68601000000000e+01	0.00000000000000e+00	8.48230016469243e+02	8.81757000000000e-01	7.47932754631870e+02	0.00000000000000e+00	1
15	16	14	13	3.00008689975339e-02	0.00000000000000e+00	1.08590000000000e+01	1.08590000000000e+01	1.03408000000000e+01	0.00000000000000e+00	8.48230016469244e+01	1.35665000000000e+01	1.15075125184300e+03	0.00000000000000e+00	1
15	17	5	3	3.00146493684392e-02	0.00000000000000e+00	7.01250000000000e+01	7.01250000000000e+01	7.15352000000000e+01	0.00000000000000e+00	5.93761011528468e+03	1.14966000000000e-02	6.82623284513819e+01	0.00000000000000e+00	1
15	17	9	7	3.00059291887632e-02	0.00000000000000e+00	2.29949000000000e+01	2.29949000000000e+01	2.22290000000000e+01	0.00000000000000e+00	1.69646003293849e+03	9.94171000000000e-02	1.68657136740649e+02	0.00000000000000e+00	1
15	17	13	11	3.00010913167762e-02	0.00000000000000e+00	1.75416000000000e+01	1.75416000000000e+01	1.67165000000000e+01	0.00000000000000e+00	1.69646003293849e+02	5.40139000000000e+00	9.16324225731362e+02	0.00000000000000e+00	1
15	18	6	3	3.00183516628744e-02	0.00000000000000e+00	1.87299000000000e+02	1.87299000000000e+02	1.69454000000000e+02	0.00000000000000e+00	2.54469004940773e+03	2.14136000000000e-02	5.44909748419974e+01	0.00000000000000e+00	1
15	18	12	9	3.00020358454117e-02	0.00000000000000e+00	2.12380000000000e+01	2.12380000000000e+01	2.00785000000000e+01	0.00000000000000e+00	2.54469004940773e+02	1.93028000000000e+00	4.91196430857076e+02	0.00000000000000e+00	1
16	17	9	8	3.00071614300754e-02	0.00000000000000e+00	-1.90956000000000e+01	-1.90956000000000e+01	-1.78796000000000e+01	0.00000000000000e+00	7.12513213834163e+03	1.95978000000000e-02	1.39636914620791e+02	0.00000000000000e+00	1
16	17	11	10	3.00030874896505e-02	0.00000000000000e+00	3.10867000000000e+01	3.10867000000000e+01	2.86202000000000e+01	0.00000000000000e+00	2.96880505764234e+03	1.09097000000000e-01	3.23887725373607e+02	0.00000000000000e+00	1
16	17	13	12	3.00012845978044e-02	0.00000000000000e+00	1.80876000000000e+01	1.80876000000000e+01	1.73165000000000e+01	0.00000000000000e+00	8.48230016469243e+02	9.17739000000000e-01	7.78453767084466e+02	0.00000000000000e+00	1
16	17	15	14	3.00013997816540e-02	0.00000000000000e+00	9.27029000000000e+00	9.27029000000000e+00	8.83102000000000e+00	0.00000000000000e+00	8.48230016469244e+01	8.42221000000000e+00	7.14397132700743e+02	0.00000000000000e+00	1
16	18	6	4	3.00192898482744e-02	0.00000000000000e+00	-2.34168000000000e+02	-2.34168000000000e+02	-2.13265000000000e+02	0.00000000000000e+00	5.93761011528468e+03	8.73091000000000e-03	5.18407395316402e+01	0.00000000000000e+00	1
16	18	10	8	3.00062114290371e-02	0.00000000000000e+00	1.35152000000000e+01	1.35152000000000e+01	1.42411000000000e+01	0.00000000000000e+00	1.69646003293849e+03	9.48997000000000e-02	1.60993548187852e+02	0.00000000000000e+00	1
16	18	14	12	3.00011716006571e-02	0.00000000000000e+00	1.61389000000000e+01	1.61389000000000e+01	1.53989000000000e+01	0.00000000000000e+00	1.69646003293849e+02	5.03126000000000e+00	8.53533150532210e+02	0.00000000000000e+00	1
16	19	7	4	3.00211880718245e-02	0.00000000000000e+00	1.99951000000000e+01	1.99951000000000e+01	2.31662000000000e+01	0.00000000000000e+00	2.54469004940773e+03	1.85470000000000e-02	4.71963663463652e+01	0.00000000000000e+00	1
16	19	13	10	3.00019226449444e-02	0.00000000000000e+00	2.17202000000000e+01	2.17202000000000e+01	2.06747000000000e+01	0.00000000000000e+00	2.54469004940773e+02	2.04393000000000e+00	5.20116833268595e+02	0.00000000000000e+00	1
17	18	10	9	3.00065610285693e-02	0.00000000000000e+00	2.12392000000000e+01	2.12392000000000e+01	2.69096000000000e+01	0.00000000000000e+00	7.12513213834163e+03	2.13912000000000e-02	1.52415126597693e+02	0.00000000000000e+00	1
17	18	12	11	3.00029119157847e-02	0.00000000000000e+00	1.64592000000000e+01	1.64592000000000e+01	1.62370000000000e+01	0.00000000000000e+00	2.96880505764234e+03	1.15675000000000e-01	3.43416525042778e+02	0.00000000000000e+00	1
17	18	14	13	3.00012407130124e-02	0.00000000000000e+00	1.86755000000000e+01	1.86755000000000e+01	1.76008000000000e+01	0.00000000000000e+00	8.48230016469243e+02	9.50200000000000e-01	8.05988161649075e+02	0.00000000000000e+00	1
17	18	16	15	3.00011215684917e-02	0.00000000000000e+00	1.07967000000000e+01	1.07967000000000e+01	1.02412000000000e+01	0.00000000000000e+00	8.48230016469244e+01	1.05114000000000e+01	8.91608499511481e+02	0.00000000000000e+00	1
17	19	3	1	3.00127794275849e-02	0.00000000000000e+00	2.46369000000000e+02	2.46369000000000e+02	2.20106000000000e+02	0.00000000000000e+00	1.42502642766833e+04	5.49118000000000e-03	7.82507661908375e+01	0.00000000000000e+00	1
17	19	7	5	3.00221915556150e-02	0.00000000000000e+00	7.21356000000000e+01	7.21356000000000e+01	5.98707000000000e+01	0.00000000000000e+00	5.93761011528468e+03	7.58928000000000e-03	4.50621856957277e+01	0.00000000000000e+00	1
17	19	11	9	3.00055739050267e-02	0.00000000000000e+00	2.84887000000000e+01	2.84887000000000e+01	2.77860000000000e+01	0.00000000000000e+00	1.69646003293849e+03	1.05754000000000e-01	1.79407434323377e+02	0.00000000000000e+00	1
17	19	15	13	3.00013609089742e-02	0.00000000000000e+00	1.68462000000000e+01	1.68462000000000e+01	1.60605000000000e+01	0.00000000000000e+00	1.69646003293849e+02	4.33139000000000e+00	7.34803002206944e+02	0.00000000000000e+00	1
17	20	8	5	3.00188908572149e-02	0.00000000000000e+00	5.50969000000000e+01	5.50969000000000e+01	4.51882000000000e+01	0.00000000000000e+00	2.54469004940773e+03	2.08024000000000e-02	5.29356602837994e+01	0.00000000000000e+00	1
17	20	14	11	3.00017868111732e-02	0.00000000000000e+00	2.12121000000000e+01	2.12121000000000e+01	2.01560000000000e+01	0.00000000000000e+00	2.54469004940773e+02	2.19931000000000e+00	5.59656227256292e+02	0.00000000000000e+00	1
18	19	11	10	3.00058658333193e-02	0.00000000000000e+00	6.59549000000000e+01	6.59549000000000e+01	5.59946000000000e+01	0.00000000000000e+00	7.12513213834163e+03	2.39264000000000e-02	1.70478761594817e+02	0.00000000000000e+00	1
18	19	13	12	3.00022823950291e-02	0.00000000000000e+00	2.41855000000000e+01	2.41855000000000e+01	2.23869000000000e+01	0.00000000000000e+00	2.96880505764234e+03	1.47580000000000e-01	4.38136250406857e+02	0.00000000000000e+00	1
18	19	15	14	3.00014792744251e-02	0.00000000000000e+00	1.98703000000000e+01	1.98703000000000e+01	1.85878000000000e+01	0.00000000000000e+00	8.48230016469243e+02	7.96962000000000e-01	6.76007090385361e+02	0.00000000000000e+00	1
18	19	17	16	3.00009026096211e-02	0.00000000000000e+00	1.21890000000000e+01	1.21890000000000e+01	1.15725000000000e+01	0.00000000000000e+00	8.48230016469244e+01	1.30613000000000e+01	1.10789867141097e+03	0.00000000000000e+00	1
18	20	4	2	3.00097035237555e-02	0.00000000000000e+00	1.07910000000000e+02	1.07910000000000e+02	9.91236000000000e+01	0.00000000000000e+00	1.42502642766833e+04	7.23182000000000e-03	1.03055346201403e+02	0.00000000000000e+00	1
18	20	8	6	3.00228823733720e-02	0.00000000000000e+00	4.31832000000000e+02	4.31832000000000e+02	4.06811000000000e+02	0.00000000000000e+00	5.93761011528468e+03	7.36016000000000e-03	4.37017604661137e+01	0.00000000000000e+00	1
18	20	12	10	3.00054112413336e-02	0.00000000000000e+00	4.00574000000000e+01	4.00574000000000e+01	3.95292000000000e+01	0.00000000000000e+00	1.69646003293849e+03	1.08933000000000e-01	1.84800480768088e+02	0.00000000000000e+00	1
18	20	16	14	3.00011898314999e-02	0.00000000000000e+00	1.90578000000000e+01	1.90578000000000e+01	1.81942000000000e+01	0.00000000000000e+00	1.69646003293849e+02	4.95417000000000e+00	8.40455140138287e+02	0.00000000000000e+00	1
18	21	9	6	3.00148182916834e-02	0.00000000000000e+00	1.08027000000000e+02	1.08027000000000e+02	8.88921000000000e+01	0.00000000000000e+00	2.54469004940773e+03	2.65196000000000e-02	6.74841622342733e+01	0.00000000000000e+00	1
18	21	15	12	3.00020044231086e-02	0.00000000000000e+00	2.21752000000000e+01	2.21752000000000e+01	2.08768000000000e+01	0.00000000000000e+00	2.54469004940773e+02	1.96054000000000e+00	4.98896662946584e+02	0.00000000000000e+00	1
19	20	12	11	3.00068695467234e-02	0.00000000000000e+00	3.77659000000000e+01	3.77659000000000e+01	3.22886000000000e+01	0.00000000000000e+00	7.12513213834163e+03	2.04305000000000e-02	1.45570012152389e+02	0.00000000000000e+00	1
19	20	14	13	3.00025771680061e-02	0.00000000000000e+00	2.55699000000000e+01	2.55699000000000e+01	2.39517000000000e+01	0.00000000000000e+00	2.96880505764234e+03	1.30700000000000e-01	3.88022821033854e+02	0.00000000000000e+00	1
19	20	16	15	3.00013299822256e-02	0.00000000000000e+00	2.07519000000000e+01	2.07519000000000e+01	1.97171000000000e+01	0.00000000000000e+00	8.48230016469243e+02	8.86422000000000e-01	7.51889747658699e+02	0.00000000000000e+00	1
19	20	18	17	3.00009867880108e-02	0.00000000000000e+00	1.26552000000000e+01	1.26552000000000e+01	1.20319000000000e+01	0.00000000000000e+00	8.48230016469244e+01	1.19471000000000e+01	1.01338888297597e+03	0.00000000000000e+00	1
19	21	5	3	3.00017439811015e-02	0.00000000000000e+00	1.01816000000000e+02	1.01816000000000e+02	9.89805000000000e+01	0.00000000000000e+00	1.42502642766833e+04	4.02379000000000e-02	2.88766979613924e+01	0.00000000000000e+00	1
19	21	9	7	3.00224832433829e-02	0.00000000000000e+00	6.15883000000000e+01	6.15883000000000e+01	6.46332000000000e+01	0.00000000000000e+00	5.93761011528468e+03	7.49082000000000e-03	4.44775686037768e+01	0.00000000000000e+00	1
19	21	13	11	3.00053072239726e-02	0.00000000000000e+00	2.09053000000000e+01	2.09053000000000e+01	1.87818000000000e+01	0.00000000000000e+00	1.69646003293849e+03	1.11068000000000e-01	1.88422422938412e+02	0.00000000000000e+00	1
19	21	17	15	3.00011268751416e-02	0.00000000000000e+00	1.92987000000000e+01	1.92987000000000e+01	1.83310000000000e+01	0.00000000000000e+00	1.69646003293849e+02	5.23095000000000e+00	8.87409760929959e+02	0.00000000000000e+00	1
19	22	4	1	3.00548473797037e-02	0.00000000000000e+00	1.69671000000000e+02	1.69671000000000e+02	1.80989000000000e+02	0.00000000000000e+00	8.90641517292702e+03	2.04711000000000e-03	1.82324115646506e+01	0.00000000000000e+00	1
19	22	10	7	3.00205902474721e-02	0.00000000000000e+00	5.52695000000000e+01	5.52695000000000e+01	5.29105000000000e+01	0.00000000000000e+00	2.54469004940773e+03	1.90855000000000e-02	4.85666819379713e+01	0.00000000000000e+00	1
19	22	16	13	3.00019776813272e-02	0.00000000000000e+00	2.22557000000000e+01	2.22557000000000e+01	2.12032000000000e+01	0.00000000000000e+00	2.54469004940773e+02	1.98705000000000e+00	5.05642636267564e+02	0.00000000000000e+00	1
20	21	13	12	3.00051720896948e-02	0.00000000000000e+00	1.92872000000000e+01	1.92872000000000e+01	5.45731000000000e+01	0.00000000000000e+00	7.12513213834163e+03	2.71357000000000e-02	1.93345448166397e+02	0.00000000000000e+00	1
20	21	15	14	3.00031278576122e-02	0.00000000000000e+00	1.75206000000000e+01	1.75206000000000e+01	2.34597000000000e+01	0.00000000000000e+00	2.96880505764234e+03	1.07689000000000e-01	3.19707647852446e+02	0.00000000000000e+00	1
20	21	17	16	3.00011402262263e-02	0.00000000000000e+00	2.34667000000000e+01	2.34667000000000e+01	2.30736000000000e+01	0.00000000000000e+00	8.48230016469243e+02	1.03394000000000e+00	8.77018943228209e+02	0.00000000000000e+00	1
20	21	19	18	3.00008134391568e-02	0.00000000000000e+00	1.48845000000000e+01	1.48845000000000e+01	1.42302000000000e+01	0.00000000000000e+00	8.48230016469244e+01	1.44931000000000e+01	1.22934824516904e+03	0.00000000000000e+00	1
20	22	6	4	3.00527216795758e-02	0.00000000000000e+00	6.49976000000000e+02	6.49976000000000e+02	4.76145000000000e+02	0.00000000000000e+00	1.42502642766833e+04	1.33103000000000e-03	1.89675292601937e+01	0.00000000000000e+00	1
20	22	10	8	3.00242988044065e-02	0.00000000000000e+00	1.57234000000000e+02	1.57234000000000e+02	1.32546000000000e+02	0.00000000000000e+00	5.93761011528468e+03	6.93112000000000e-03	4.11542882222520e+01	0.00000000000000e+00	1
20	22	14	12	3.00049257765352e-02	0.00000000000000e+00	3.11085000000000e+01	3.11085000000000e+01	3.01147000000000e+01	0.00000000000000e+00	1.69646003293849e+03	1.19669000000000e-01	2.03013675681716e+02	0.00000000000000e+00	1
20	22	18	16	3.00010540029650e-02	0.00000000000000e+00	1.97748000000000e+01	1.97748000000000e+01	1.88383000000000e+01	0.00000000000000e+00	1.69646003293849e+02	5.59261000000000e+00	9.48763934481212e+02	0.00000000000000e+00	1
20	23	5	2	3.00883471448643e-02	0.00000000000000e+00	4.32851000000000e+02	4.32851000000000e+02	3.97436000000000e+02	0.00000000000000e+00	8.90641517292702e+03	1.27088000000000e-03	1.13189849149695e+01	0.00000000000000e+00	1
20	23	11	8	3.00216594005604e-02	0.00000000000000e+00	6.05721000000000e+01	6.05721000000000e+01	6.48466000000000e+01	0.00000000000000e+00	2.54469004940773e+03	1.81434000000000e-02	4.61693294424242e+01	0.00000000000000e+00	1
20	23	17	14	3.00018157232539e-02	0.00000000000000e+00	2.34418000000000e+01	2.34418000000000e+01	2.23093000000000e+01	0.00000000000000e+00	2.54469004940773e+02	2.16429000000000e+00	5.50744722703266e+02	0.00000000000000e+00	1
21	22	14	13	3.00063191194246e-02	0.00000000000000e+00	1.35496000000000e+01	1.35496000000000e+01	8.60866000000000e+00	0.00000000000000e+00	7.12513213834163e+03	2.22101000000000e-02	1.58249897305781e+02	0.00000000000000e+00	1
21	22	16	15	3.00025222648425e-02	0.00000000000000e+00	3.74662000000000e+01	3.74662000000000e+01	3.53497000000000e+01	0.00000000000000e+00	2.96880505764234e+03	1.33545000000000e-01	3.96469071422847e+02	0.00000000000000e+00	1
21	22	18	17	3.00012380134083e-02	0.00000000000000e+00	2.13623000000000e+01	2.13623000000000e+01	2.03705000000000e+01	0.00000000000000e+00	8.48230016469243e+02	9.52272000000000e-01	8.07745694243199e+02	0.00000000000000e+00	1
21	22	20	19	3.00008915314320e-02	0.00000000000000e+00	1.46586000000000e+01	1.46586000000000e+01	1.39654000000000e+01	0.00000000000000e+00	8.48230016469244e+01	1.32236000000000e+01	1.12166544457827e+03	0.00000000000000e+00	1
21	23	7	5	3.01633350724124e-02	0.00000000000000e+00	2.76885000000000e+02	2.76885000000000e+02	4.33514000000000e+02	0.00000000000000e+00	1.42502642766833e+04	4.29633000000000e-04	6.12238379198426e+00	0.00000000000000e+00	1
21	23	11	9	3.00251430461943e-02	0.00000000000000e+00	5.83655000000000e+01	5.83655000000000e+01	7.38829000000000e+01	0.00000000000000e+00	5.93761011528468e+03	6.69839000000000e-03	3.97724282201218e+01	0.00000000000000e+00	1
21	23	15	13	3.00064817225009e-02	0.00000000000000e+00	2.54716000000000e+01	2.54716000000000e+01	2.54338000000000e+01	0.00000000000000e+00	1.69646003293849e+03	9.09423000000000e-02	1.54279977253502e+02	0.00000000000000e+00	1
21	23	19	17	3.00010789973974e-02	0.00000000000000e+00	2.03863000000000e+01	2.03863000000000e+01	1.94335000000000e+01	0.00000000000000e+00	1.69646003293849e+02	5.46306000000000e+00	9.26786294754494e+02	0.00000000000000e+00	1
21	24	6	3	3.00041041557268e-02	0.00000000000000e+00	2.86519000000000e+02	2.86519000000000e+02	2.75919000000000e+02	0.00000000000000e+00	8.90641517292702e+03	2.73573000000000e-02	1.89382796552484e+01	0.00000000000000e+00	1
21	24	12	9	3.00196521975410e-02	0.00000000000000e+00	7.07675000000000e+01	7.07675000000000e+01	6.86699000000000e+01	0.00000000000000e+00	2.54469004940773e+03	1.99965000000000e-02	5.08848945729817e+01	0.00000000000000e+00	1
21	24	18	15	3.00019118041572e-02	0.00000000000000e+00	2.32617000000000e+01	2.32617000000000e+01	2.20669000000000e+01	0.00000000000000e+00	2.54469004940773e+02	2.05552000000000e+00	5.23066129035858e+02	0.00000000000000e+00	1
22	23	15	14	3.00087740154872e-02	0.00000000000000e+00	3.48406000000000e+01	3.48406000000000e+01	3.38233000000000e+01	0.00000000000000e+00	7.12513213834163e+03	1.59959000000000e-02	1.13972901171699e+02	0.00000000000000e+00	1
22	23	17	16	3.00029643476436e-02	0.00000000000000e+00	2.58913000000000e+01	2.58913000000000e+01	2.46382000000000e+01	0.00000000000000e+00	2.96880505764234e+03	1.13629000000000e-01	3.37342349894842e+02	0.00000000000000e+00	1
22	23	19	18	3.00012729878496e-02	0.00000000000000e+00	2.28051000000000e+01	2.28051000000000e+01	2.17711000000000e+01	0.00000000000000e+00	8.48230016469243e+02	9.26109000000000e-01	7.85553452322314e+02	0.00000000000000e+00	1
22	23	21	20	3.00008399836869e-02	0.00000000000000e+00	1.47897000000000e+01	1.47897000000000e+01	1.40978000000000e+01	0.00000000000000e+00	8.48230016469244e+01	1.40351000000000e+01	1.19049931041475e+03	0.00000000000000e+00	1
22	24	8	6	3.00299847188925e-02	0.00000000000000e+00	1.06746000000000e+02	1.06746000000000e+02	1.19530000000000e+02	0.00000000000000e+00	1.42502642766833e+04	2.34033000000000e-03	3.33503209946501e+01	0.00000000000000e+00	1
22	24	12	10	3.00245146969464e-02	0.00000000000000e+00	1.66860000000000e+01	1.66860000000000e+01	2.03852000000000e+01	0.00000000000000e+00	5.93761011528468e+03	6.87008000000000e-03	4.07918565008150e+01	0.00000000000000e+00	1
22	24	16	14	3.00065024434207e-02	0.00000000000000e+00	2.35686000000000e+01	2.35686000000000e+01	2.37123000000000e+01	0.00000000000000e+00	1.69646003293849e+03	9.06525000000000e-02	1.53788343135956e+02	0.00000000000000e+00	1
22	24	20	18	3.00011883563000e-02	0.00000000000000e+00	2.04424000000000e+01	2.04424000000000e+01	1.94905000000000e+01	0.00000000000000e+00	1.69646003293849e+02	4.96032000000000e+00	8.41498463058544e+02	0.00000000000000e+00	1
22	25	7	4	3.00521355594450e-02	0.00000000000000e+00	1.55448000000000e+02	1.55448000000000e+02	1.28834000000000e+02	0.00000000000000e+00	8.90641517292702e+03	2.15359000000000e-03	1.91807666522639e+01	0.00000000000000e+00	1
22	25	13	10	3.00222454723996e-02	0.00000000000000e+00	3.08472000000000e+01	3.08472000000000e+01	2.88947000000000e+01	0.00000000000000e+00	2.54469004940773e+03	1.76654000000000e-02	4.49529675988074e+01	0.00000000000000e+00	1
22	25	19	16	3.00019472339015e-02	0.00000000000000e+00	2.37403000000000e+01	2.37403000000000e+01	2.26284000000000e+01	0.00000000000000e+00	2.54469004940773e+02	2.01812000000000e+00	5.13548988251073e+02	0.00000000000000e+00	1
23	24	16	15	3.00069348885429e-02	0.00000000000000e+00	2.55927000000000e+01	2.55927000000000e+01	2.62252000000000e+01	0.00000000000000e+00	7.12513213834163e+03	2.02380000000000e-02	1.44198424215758e+02	0.00000000000000e+00	1
23	24	18	17	3.00029126459920e-02	0.00000000000000e+00	2.57740000000000e+01	2.57740000000000e+01	2.48026000000000e+01	0.00000000000000e+00	2.96880505764234e+03	1.15646000000000e-01	3.43330429696106e+02	0.00000000000000e+00	1
23	24	20	19	3.00013322486754e-02	0.00000000000000e+00	2.17177000000000e+01	2.17177000000000e+01	2.05583000000000e+01	0.00000000000000e+00	8.48230016469243e+02	8.84914000000000e-01	7.50610616793864e+02	0.00000000000000e+00	1
23	24	22	21	3.00008441276112e-02	0.00000000000000e+00	1.41800000000000e+01	1.41800000000000e+01	1.34865000000000e+01	0.00000000000000e+00	8.48230016469244e+01	1.39662000000000e+01	1.18465500560128e+03	0.00000000000000e+00	1
23	25	9	7	3.00419045139588e-02	0.00000000000000e+00	1.11536000000000e+02	1.11536000000000e+02	8.23108000000000e+01	0.00000000000000e+00	1.42502642766833e+04	1.67462000000000e-03	2.38637775630193e+01	0.00000000000000e+00	1
23	25	13	11	3.00246426795619e-02	0.00000000000000e+00	4.11421000000000e+01	4.11421000000000e+01	3.26147000000000e+01	0.00000000000000e+00	5.93761011528468e+03	6.83440000000000e-03	4.05800025719016e+01	0.00000000000000e+00	1
23	25	17	15	3.00061410174230e-02	0.00000000000000e+00	2.64533000000000e+01	2.64533000000000e+01	2.47714000000000e+01	0.00000000000000e+00	1.69646003293849e+03	9.59878000000000e-02	1.62839466349693e+02	0.00000000000000e+00	1
23	25	21	19	3.00010425403728e-02	0.00000000000000e+00	2.05859000000000e+01	2.05859000000000e+01	1.95808000000000e+01	0.00000000000000e+00	1.69646003293849e+02	5.65410000000000e+00	9.59195467223751e+02	0.00000000000000e+00	1
23	26	8	5	3.00436657512348e-02	0.00000000000000e+00	8.99282000000000e+01	8.99282000000000e+01	9.39355000000000e+01	0.00000000000000e+00	8.90641517292702e+03	2.57132000000000e-03	2.29012434624507e+01	0.00000000000000e+00	1
23	26	14	11	3.00215169692626e-02	0.00000000000000e+00	2.87443000000000e+01	2.87443000000000e+01	2.27767000000000e+01	0.00000000000000e+00	2.54469004940773e+03	1.82635000000000e-02	4.64749467173581e+01	0.00000000000000e+00	1
23	26	20	17	3.00019813307929e-02	0.00000000000000e+00	2.36754000000000e+01	2.36754000000000e+01	2.24592000000000e+01	0.00000000000000e+00	2.54469004940773e+02	1.98339000000000e+00	5.04711279709480e+02	0.00000000000000e+00	1
24	25	17	16	3.00070961454503e-02	0.00000000000000e+00	3.39560000000000e+01	3.39560000000000e+01	3.09537000000000e+01	0.00000000000000e+00	7.12513213834163e+03	1.97781000000000e-02	1.40921575945334e+02	0.00000000000000e+00	1
24	25	19	18	3.00027554613221e-02	0.00000000000000e+00	2.71555000000000e+01	2.71555000000000e+01	2.53419000000000e+01	0.00000000000000e+00	2.96880505764234e+03	1.22243000000000e-01	3.62915636661373e+02	0.00000000000000e+00	1
24	25	21	20	3.00011254981091e-02	0.00000000000000e+00	2.37686000000000e+01	2.37686000000000e+01	2.21779000000000e+01	0.00000000000000e+00	8.48230016469243e+02	1.04747000000000e+00	8.88495495351038e+02	0.00000000000000e+00	1
24	25	23	22	3.00009038205925e-02	0.00000000000000e+00	1.39924000000000e+01	1.39924000000000e+01	1.32825000000000e+01	0.00000000000000e+00	8.48230016469244e+01	1.30438000000000e+01	1.10641426888215e+03	0.00000000000000e+00	1
24	26	10	8	3.00423375930870e-02	0.00000000000000e+00	7.54043000000000e+01	7.54043000000000e+01	-4.01426000000000e+00	0.00000000000000e+00	1.42502642766833e+04	1.65749000000000e-03	2.36196705359597e+01	0.00000000000000e+00	1
24	26	14	12	3.00235694594153e-02	0.00000000000000e+00	3.02686000000000e+01	3.02686000000000e+01	1.49858000000000e+01	0.00000000000000e+00	5.93761011528468e+03	7.14560000000000e-03	4.24277868397782e+01	0.00000000000000e+00	1
24	26	18	16	3.00062046163599e-02	0.00000000000000e+00	2.49340000000000e+01	2.49340000000000e+01	2.41646000000000e+01	0.00000000000000e+00	1.69646003293849e+03	9.50039000000000e-02	1.61170319323285e+02	0.00000000000000e+00	1
24	26	22	20	3.00010190260507e-02	0.00000000000000e+00	2.08929000000000e+01	2.08929000000000e+01	1.98900000000000e+01	0.00000000000000e+00	1.69646003293849e+02	5.78457000000000e+00	9.81329181273499e+02	0.00000000000000e+00	1
24	27	9	6	3.00434940632528e-02	0.00000000000000e+00	-4.24159000000000e+01	-4.24159000000000e+01	-3.57340000000000e+01	0.00000000000000e+00	8.90641517292702e+03	2.58147000000000e-03	2.29916435764559e+01	0.00000000000000e+00	1
24	27	15	12	3.00239990697866e-02	0.00000000000000e+00	-6.29044000000000e+00	-6.29044000000000e+00	1.03117000000000e+01	0.00000000000000e+00	2.54469004940773e+03	1.63746000000000e-02	4.16682816830319e+01	0.00000000000000e+00	1
24	27	21	18	3.00017869411733e-02	0.00000000000000e+00	2.39410000000000e+01	2.39410000000000e+01	2.28931000000000e+01	0.00000000000000e+00	2.54469004940773e+02	2.19915000000000e+00	5.59615512215502e+02	0.00000000000000e+00	1
25	26	18	17	3.00070304552110e-02	0.00000000000000e+00	3.88407000000000e+01	3.88407000000000e+01	2.94586000000000e+01	0.00000000000000e+00	7.12513213834163e+03	1.99629000000000e-02	1.42238300364500e+02	0.00000000000000e+00	1
25	26	20	19	3.00029634869912e-02	0.00000000000000e+00	2.64604000000000e+01	2.64604000000000e+01	2.40252000000000e+01	0.00000000000000e+00	2.96880505764234e+03	1.13662000000000e-01	3.37440320461744e+02	0.00000000000000e+00	1
25	26	22	21	3.00011385964192e-02	0.00000000000000e+00	2.26382000000000e+01	2.26382000000000e+01	2.15337000000000e+01	0.00000000000000e+00	8.48230016469243e+02	1.03542000000000e+00	8.78274323652583e+02	0.00000000000000e+00	1
25	26	24	23	3.00008930239021e-02	0.00000000000000e+00	1.41536000000000e+01	1.41536000000000e+01	1.34716000000000e+01	0.00000000000000e+00	8.48230016469244e+01	1.32015000000000e+01	1.11979085624187e+03	0.00000000000000e+00	1
25	27	11	9	3.00407354454488e-02	0.00000000000000e+00	1.05931000000000e+02	1.05931000000000e+02	6.49831000000000e+01	0.00000000000000e+00	1.42502642766833e+04	1.72268000000000e-03	2.45486452641567e+01	0.00000000000000e+00	1
25	27	15	13	3.00266348362381e-02	0.00000000000000e+00	2.92532000000000e+01	2.92532000000000e+01	2.04780000000000e+01	0.00000000000000e+00	5.93761011528468e+03	6.32322000000000e-03	3.75448150331704e+01	0.00000000000000e+00	1
25	27	19	17	3.00058957241266e-02	0.00000000000000e+00	2.53606000000000e+01	2.53606000000000e+01	2.53325000000000e+01	0.00000000000000e+00	1.69646003293849e+03	9.99814000000000e-02	1.69614449137236e+02	0.00000000000000e+00	1
25	27	23	21	3.00010810256587e-02	0.00000000000000e+00	2.04144000000000e+01	2.04144000000000e+01	1.94618000000000e+01	0.00000000000000e+00	1.69646003293849e+02	5.45281000000000e+00	9.25047423220732e+02	0.00000000000000e+00	1
25	28	4	1	3.00599711290399e-02	0.00000000000000e+00	1.10210000000000e+02	1.10210000000000e+02	2.20916000000000e+01	0.00000000000000e+00	2.13753964150249e+04	7.80088000000000e-04	1.66746902386040e+01	0.00000000000000e+00	1
25	28	10	7	3.00437873392138e-02	0.00000000000000e+00	5.10479000000000e+01	5.10479000000000e+01	2.35171000000000e+01	0.00000000000000e+00	8.90641517292702e+03	2.56418000000000e-03	2.28376516581160e+01	0.00000000000000e+00	1
25	28	16	13	3.00236753422374e-02	0.00000000000000e+00	8.26376000000000e+00	8.26376000000000e+00	1.28205000000000e+01	0.00000000000000e+00	2.54469004940773e+03	1.65985000000000e-02	4.22380377850942e+01	0.00000000000000e+00	1
25	28	22	19	3.00017680797267e-02	0.00000000000000e+00	2.40081000000000e+01	2.40081000000000e+01	2.28990000000000e+01	0.00000000000000e+00	2.54469004940773e+02	2.22261000000000e+00	5.65585355071412e+02	0.00000000000000e+00	1
26	27	19	18	3.00066140555395e-02	0.00000000000000e+00	3.15185000000000e+01	3.15185000000000e+01	2.98015000000000e+01	0.00000000000000e+00	7.12513213834163e+03	2.12197000000000e-02	1.51193166435968e+02	0.00000000000000e+00	1
26	27	21	20	3.00025105903015e-02	0.00000000000000e+00	2.42698000000000e+01	2.42698000000000e+01	2.26489000000000e+01	0.00000000000000e+00	2.96880505764234e+03	1.34166000000000e-01	3.98312699363642e+02	0.00000000000000e+00	1
26	27	23	22	3.00012344666269e-02	0.00000000000000e+00	2.24584000000000e+01	2.24584000000000e+01	2.12299000000000e+01	0.00000000000000e+00	8.48230016469243e+02	9.55008000000000e-01	8.10066451568259e+02	0.00000000000000e+00	1
26	27	25	24	3.00009056814200e-02	0.00000000000000e+00	1.43359000000000e+01	1.43359000000000e+01	1.36329000000000e+01	0.00000000000000e+00	8.48230016469244e+01	1.30170000000000e+01	1.10414101243802e+03	0.00000000000000e+00	1
26	28	12	10	3.00427591244955e-02	0.00000000000000e+00	1.94944000000000e+02	1.94944000000000e+02	2.15997000000000e+02	0.00000000000000e+00	1.42502642766833e+04	1.64115000000000e-03	2.33868212176787e+01	0.00000000000000e+00	1
26	28	16	14	3.00276340501229e-02	0.00000000000000e+00	3.68624000000000e+01	3.68624000000000e+01	4.31912000000000e+01	0.00000000000000e+00	5.93761011528468e+03	6.09458000000000e-03	3.61872398564117e+01	0.00000000000000e+00	1
26	28	20	18	3.00064198481378e-02	0.00000000000000e+00	2.70634000000000e+01	2.70634000000000e+01	2.67991000000000e+01	0.00000000000000e+00	1.69646003293849e+03	9.18188000000000e-02	1.55766924472372e+02	0.00000000000000e+00	1
26	28	24	22	3.00011196235248e-02	0.00000000000000e+00	2.05473000000000e+01	2.05473000000000e+01	1.95884000000000e+01	0.00000000000000e+00	1.69646003293849e+02	5.26483000000000e+00	8.93157367521554e+02	0.00000000000000e+00	1
26	29	5	2	3.00809484111662e-02	0.00000000000000e+00	1.03161000000000e+03	-9.99000000000000e+02	-9.99000000000000e+02	0.00000000000000e+00	2.13753964150249e+04	5.77933000000000e-04	1.23535469763246e+01	0.00000000000000e+00	1
26	29	11	8	3.00513189232699e-02	0.00000000000000e+00	2.02925000000000e+02	2.02925000000000e+02	2.01758000000000e+02	0.00000000000000e+00	8.90641517292702e+03	2.18786000000000e-03	1.94859895002401e+01	0.00000000000000e+00	1
26	29	17	14	3.00247368891320e-02	0.00000000000000e+00	4.17794000000000e+01	4.17794000000000e+01	4.08260000000000e+01	0.00000000000000e+00	2.54469004940773e+03	1.58862000000000e-02	4.04254550629011e+01	0.00000000000000e+00	1
26	29	23	20	3.00018741036313e-02	0.00000000000000e+00	2.46469000000000e+01	2.46469000000000e+01	2.34665000000000e+01	0.00000000000000e+00	2.54469004940773e+02	2.09687000000000e+00	5.33588422390159e+02	0.00000000000000e+00	1
27	28	20	19	3.00083960943970e-02	0.00000000000000e+00	4.99671000000000e+01	4.99671000000000e+01	4.40440000000000e+01	0.00000000000000e+00	7.12513213834163e+03	1.67159000000000e-02	1.19102996311305e+02	0.00000000000000e+00	1
27	28	22	21	3.00028965908347e-02	0.00000000000000e+00	2.23548000000000e+01	2.23548000000000e+01	2.05322000000000e+01	0.00000000000000e+00	2.96880505764234e+03	1.16287000000000e-01	3.45233433738055e+02	0.00000000000000e+00	1
27	28	24	23	3.00013538543124e-02	0.00000000000000e+00	2.13506000000000e+01	2.13506000000000e+01	2.05550000000000e+01	0.00000000000000e+00	8.48230016469243e+02	8.70792000000000e-01	7.38631912501285e+02	0.00000000000000e+00	1
27	28	26	25	3.00009953106041e-02	0.00000000000000e+00	1.32913000000000e+01	1.32913000000000e+01	1.26616000000000e+01	0.00000000000000e+00	8.48230016469244e+01	1.18448000000000e+01	1.00471148990749e+03	0.00000000000000e+00	1
27	29	13	11	3.00202835943421e-02	0.00000000000000e+00	8.44974000000000e+01	8.44974000000000e+01	-6.07364000000000e-01	0.00000000000000e+00	1.42502642766833e+04	3.45965000000000e-03	4.93009268048272e+01	0.00000000000000e+00	1
27	29	17	15	3.00217744450561e-02	0.00000000000000e+00	4.79948000000000e+01	4.79948000000000e+01	1.48294000000000e+01	0.00000000000000e+00	5.93761011528468e+03	7.73466000000000e-03	4.59253954542878e+01	0.00000000000000e+00	1
27	29	21	19	3.00062093352610e-02	0.00000000000000e+00	2.91980000000000e+01	2.91980000000000e+01	2.46061000000000e+01	0.00000000000000e+00	1.69646003293849e+03	9.49317000000000e-02	1.61047834908906e+02	0.00000000000000e+00	1
27	29	25	23	3.00011715703855e-02	0.00000000000000e+00	2.06242000000000e+01	2.06242000000000e+01	1.95912000000000e+01	0.00000000000000e+00	1.69646003293849e+02	5.03139000000000e+00	8.53555204512638e+02	0.00000000000000e+00	1
27	30	6	3	3.00784623067875e-02	0.00000000000000e+00	7.89268000000000e+02	7.89268000000000e+02	7.43357000000000e+02	0.00000000000000e+00	2.13753964150249e+04	5.96245000000000e-04	1.27449732354765e+01	0.00000000000000e+00	1
27	30	12	9	3.00508307955947e-02	0.00000000000000e+00	1.59902000000000e+02	1.59902000000000e+02	1.52432000000000e+02	0.00000000000000e+00	8.90641517292702e+03	2.20887000000000e-03	1.96731132830233e+01	0.00000000000000e+00	1
27	30	18	15	3.00245068797047e-02	0.00000000000000e+00	3.63500000000000e+01	3.63500000000000e+01	3.57319000000000e+01	0.00000000000000e+00	2.54469004940773e+03	1.60353000000000e-02	4.08048683492678e+01	0.00000000000000e+00	1
27	30	24	21	3.00019818204051e-02	0.00000000000000e+00	2.44947000000000e+01	2.44947000000000e+01	2.33189000000000e+01	0.00000000000000e+00	2.54469004940773e+02	1.98290000000000e+00	5.04586589897059e+02	0.00000000000000e+00	1
28	29	21	20	3.00064816711848e-02	0.00000000000000e+00	4.44326000000000e+01	4.44326000000000e+01	3.46443000000000e+01	0.00000000000000e+00	7.12513213834163e+03	2.16531000000000e-02	1.54281198704725e+02	0.00000000000000e+00	1
28	29	23	22	3.00026967147967e-02	0.00000000000000e+00	2.97671000000000e+01	2.97671000000000e+01	2.73903000000000e+01	0.00000000000000e+00	2.96880505764234e+03	1.24906000000000e-01	3.70821564529874e+02	0.00000000000000e+00	1
28	29	25	24	3.00011624420757e-02	0.00000000000000e+00	2.37738000000000e+01	2.37738000000000e+01	2.25958000000000e+01	0.00000000000000e+00	8.48230016469243e+02	1.01418000000000e+00	8.60257918102777e+02	0.00000000000000e+00	1
28	29	27	26	3.00007956197685e-02	0.00000000000000e+00	1.56194000000000e+01	1.56194000000000e+01	1.48487000000000e+01	0.00000000000000e+00	8.48230016469244e+01	1.48177000000000e+01	1.25688179150363e+03	0.00000000000000e+00	1
28	30	14	12	3.00289382658542e-02	0.00000000000000e+00	-1.21202000000000e+02	-1.21202000000000e+02	-3.28303000000000e+01	0.00000000000000e+00	1.42502642766833e+04	2.42496000000000e-03	3.45563208603858e+01	0.00000000000000e+00	1
28	30	18	16	3.00237599888828e-02	0.00000000000000e+00	-1.82733000000000e+01	-1.82733000000000e+01	7.53585000000000e+00	0.00000000000000e+00	5.93761011528468e+03	7.08830000000000e-03	4.20875617801724e+01	0.00000000000000e+00	1
28	30	22	20	3.00056084293711e-02	0.00000000000000e+00	2.52645000000000e+01	2.52645000000000e+01	2.70535000000000e+01	0.00000000000000e+00	1.69646003293849e+03	1.05103000000000e-01	1.78303038841934e+02	0.00000000000000e+00	1
28	30	26	24	3.00010298487227e-02	0.00000000000000e+00	2.21451000000000e+01	2.21451000000000e+01	2.11415000000000e+01	0.00000000000000e+00	1.69646003293849e+02	5.72378000000000e+00	9.71016400733266e+02	0.00000000000000e+00	1
28	31	7	4	3.00559064704644e-02	0.00000000000000e+00	6.07809000000000e+02	6.07809000000000e+02	5.45906000000000e+02	0.00000000000000e+00	2.13753964150249e+04	8.36804000000000e-04	1.78870172216785e+01	0.00000000000000e+00	1
28	31	13	10	3.00456801534076e-02	0.00000000000000e+00	1.65245000000000e+02	1.65245000000000e+02	1.54609000000000e+02	0.00000000000000e+00	8.90641517292702e+03	2.45793000000000e-03	2.18913450459925e+01	0.00000000000000e+00	1
28	31	19	16	3.00228358428079e-02	0.00000000000000e+00	2.11048000000000e+01	2.11048000000000e+01	3.43606000000000e+01	0.00000000000000e+00	2.54469004940773e+03	1.72087000000000e-02	4.37908076532428e+01	0.00000000000000e+00	1
28	31	25	22	3.00018316763374e-02	0.00000000000000e+00	2.60445000000000e+01	2.60445000000000e+01	2.49353000000000e+01	0.00000000000000e+00	2.54469004940773e+02	2.14544000000000e+00	5.45947981960133e+02	0.00000000000000e+00	1
29	30	22	21	3.00072732879880e-02	0.00000000000000e+00	4.46892000000000e+01	4.46892000000000e+01	4.37079000000000e+01	0.00000000000000e+00	7.12513213834163e+03	1.92964000000000e-02	1.37489399794295e+02	0.00000000000000e+00	1
29	30	24	23	3.00029094760253e-02	0.00000000000000e+00	2.85691000000000e+01	2.85691000000000e+01	2.75303000000000e+01	0.00000000000000e+00	2.96880505764234e+03	1.15772000000000e-01	3.43704499133369e+02	0.00000000000000e+00	1
29	30	26	25	3.00012280512381e-02	0.00000000000000e+00	2.36461000000000e+01	2.36461000000000e+01	2.28353000000000e+01	0.00000000000000e+00	8.48230016469243e+02	9.59997000000000e-01	8.14298271120424e+02	0.00000000000000e+00	1
29	30	28	27	3.00009248868369e-02	0.00000000000000e+00	1.57980000000000e+01	1.57980000000000e+01	1.50591000000000e+01	0.00000000000000e+00	8.48230016469244e+01	1.27467000000000e+01	1.08121335509285e+03	0.00000000000000e+00	1
29	31	15	13	3.00491649645249e-02	0.00000000000000e+00	2.30970000000000e+02	2.30970000000000e+02	1.66113000000000e+02	0.00000000000000e+00	1.42502642766833e+04	1.42732000000000e-03	2.03396872073955e+01	0.00000000000000e+00	1
29	31	19	17	3.00260752058310e-02	0.00000000000000e+00	5.79880000000000e+01	5.79880000000000e+01	4.68065000000000e+01	0.00000000000000e+00	5.93761011528468e+03	6.45893000000000e-03	3.83506081019157e+01	0.00000000000000e+00	1
29	31	23	21	3.00064056372321e-02	0.00000000000000e+00	3.17435000000000e+01	3.17435000000000e+01	2.99308000000000e+01	0.00000000000000e+00	1.69646003293849e+03	9.20225000000000e-02	1.56112493381082e+02	0.00000000000000e+00	1
29	31	27	25	3.00010515417382e-02	0.00000000000000e+00	2.17700000000000e+01	2.17700000000000e+01	2.06972000000000e+01	0.00000000000000e+00	1.69646003293849e+02	5.60570000000000e+00	9.50984600664328e+02	0.00000000000000e+00	1
29	32	8	5	3.00394787876140e-02	0.00000000000000e+00	2.17272000000000e+02	2.17272000000000e+02	1.35479000000000e+02	0.00000000000000e+00	2.13753964150249e+04	1.18501000000000e-03	2.53300585057687e+01	0.00000000000000e+00	1
29	32	14	11	3.00430296740792e-02	0.00000000000000e+00	9.92829000000000e+01	9.92829000000000e+01	6.18747000000000e+01	0.00000000000000e+00	8.90641517292702e+03	2.60933000000000e-03	2.32397763031737e+01	0.00000000000000e+00	1
29	32	20	17	3.00244916061481e-02	0.00000000000000e+00	3.45386000000000e+01	3.45386000000000e+01	2.34613000000000e+01	0.00000000000000e+00	2.54469004940773e+03	1.60453000000000e-02	4.08303152497619e+01	0.00000000000000e+00	1
29	32	26	23	3.00018982106815e-02	0.00000000000000e+00	2.58291000000000e+01	2.58291000000000e+01	2.44653000000000e+01	0.00000000000000e+00	2.54469004940773e+02	2.07024000000000e+00	5.26811912788586e+02	0.00000000000000e+00	1
30	31	23	22	3.00073400838004e-02	0.00000000000000e+00	3.30742000000000e+01	3.30742000000000e+01	3.17101000000000e+01	0.00000000000000e+00	7.12513213834163e+03	1.91208000000000e-02	1.36238226590803e+02	0.00000000000000e+00	1
30	31	25	24	3.00028281293210e-02	0.00000000000000e+00	3.67033000000000e+01	3.67033000000000e+01	3.41105000000000e+01	0.00000000000000e+00	2.96880505764234e+03	1.19102000000000e-01	3.53590619975318e+02	0.00000000000000e+00	1
30	31	27	26	3.00011213124697e-02	0.00000000000000e+00	2.29328000000000e+01	2.29328000000000e+01	2.20273000000000e+01	0.00000000000000e+00	8.48230016469243e+02	1.05138000000000e+00	8.91812074715433e+02	0.00000000000000e+00	1
30	31	29	28	3.00007896881937e-02	0.00000000000000e+00	1.66198000000000e+01	1.66198000000000e+01	1.58204000000000e+01	0.00000000000000e+00	8.48230016469244e+01	1.49290000000000e+01	1.26632259158693e+03	0.00000000000000e+00	1
30	32	16	14	3.00436086312070e-02	0.00000000000000e+00	1.19689000000000e+02	1.19689000000000e+02	1.34453000000000e+02	0.00000000000000e+00	1.42502642766833e+04	1.60918000000000e-03	2.29312402687532e+01	0.00000000000000e+00	1
30	32	20	18	3.00271513946976e-02	0.00000000000000e+00	4.39537000000000e+01	4.39537000000000e+01	4.80818000000000e+01	0.00000000000000e+00	5.93761011528468e+03	6.20292000000000e-03	3.68305205363017e+01	0.00000000000000e+00	1
30	32	24	22	3.00063909278023e-02	0.00000000000000e+00	2.87340000000000e+01	2.87340000000000e+01	2.74339000000000e+01	0.00000000000000e+00	1.69646003293849e+03	9.22343000000000e-02	1.56471803616058e+02	0.00000000000000e+00	1
30	32	28	26	3.00010959551256e-02	0.00000000000000e+00	2.17522000000000e+01	2.17522000000000e+01	2.06748000000000e+01	0.00000000000000e+00	1.69646003293849e+02	5.37853000000000e+00	9.12446118096065e+02	0.00000000000000e+00	1
30	33	9	6	3.00587322443490e-02	0.00000000000000e+00	5.40113000000000e+02	5.40113000000000e+02	4.92150000000000e+02	0.00000000000000e+00	2.13753964150249e+04	7.96543000000000e-04	1.70264223866132e+01	0.00000000000000e+00	1
30	33	15	12	3.00492733190847e-02	0.00000000000000e+00	1.91830000000000e+02	1.91830000000000e+02	1.81342000000000e+02	0.00000000000000e+00	8.90641517292702e+03	2.27869000000000e-03	2.02949591903971e+01	0.00000000000000e+00	1
30	33	21	18	3.00227839428642e-02	0.00000000000000e+00	1.84333000000000e+01	1.84333000000000e+01	1.47030000000000e+01	0.00000000000000e+00	2.54469004940773e+03	1.72479000000000e-02	4.38905595031796e+01	0.00000000000000e+00	1
30	33	27	24	3.00018045174017e-02	0.00000000000000e+00	2.52843000000000e+01	2.52843000000000e+01	2.40345000000000e+01	0.00000000000000e+00	2.54469004940773e+02	2.17773000000000e+00	5.54164786129670e+02	0.00000000000000e+00	1
31	32	24	23	3.00079746962550e-02	0.00000000000000e+00	3.69956000000000e+01	3.69956000000000e+01	3.47193000000000e+01	0.00000000000000e+00	7.12513213834163e+03	1.75992000000000e-02	1.25396625529102e+02	0.00000000000000e+00	1
31	32	26	25	3.00029664622749e-02	0.00000000000000e+00	2.72271000000000e+01	2.72271000000000e+01	2.58419000000000e+01	0.00000000000000e+00	2.96880505764234e+03	1.13548000000000e-01	3.37101876685173e+02	0.00000000000000e+00	1
31	32	28	27	3.00013688285668e-02	0.00000000000000e+00	2.31569000000000e+01	2.31569000000000e+01	2.21405000000000e+01	0.00000000000000e+00	8.48230016469243e+02	8.61266000000000e-01	7.30551673364399e+02	0.00000000000000e+00	1
31	32	30	29	3.00009157698735e-02	0.00000000000000e+00	1.59677000000000e+01	1.59677000000000e+01	1.51839000000000e+01	0.00000000000000e+00	8.48230016469244e+01	1.28736000000000e+01	1.09197739400185e+03	0.00000000000000e+00	1
31	33	17	15	3.00353817989683e-02	0.00000000000000e+00	1.38966000000000e+02	1.38966000000000e+02	9.95654000000000e+01	0.00000000000000e+00	1.42502642766833e+04	1.98334000000000e-03	2.82631191505170e+01	0.00000000000000e+00	1
31	33	21	19	3.00265848888254e-02	0.00000000000000e+00	1.11311000000000e+02	1.11311000000000e+02	8.65270000000000e+01	0.00000000000000e+00	5.93761011528468e+03	6.33510000000000e-03	3.76153538413400e+01	0.00000000000000e+00	1
31	33	25	23	3.00067563762925e-02	0.00000000000000e+00	2.51450000000000e+01	2.51450000000000e+01	2.21918000000000e+01	0.00000000000000e+00	1.69646003293849e+03	8.72454000000000e-02	1.48008334157731e+02	0.00000000000000e+00	1
31	33	29	27	3.00011309180338e-02	0.00000000000000e+00	2.27500000000000e+01	2.27500000000000e+01	2.15867000000000e+01	0.00000000000000e+00	1.69646003293849e+02	5.21225000000000e+00	8.84237380668364e+02	0.00000000000000e+00	1
31	34	10	7	3.00727433221905e-02	0.00000000000000e+00	5.41424000000000e+02	5.41424000000000e+02	5.07154000000000e+02	0.00000000000000e+00	2.13753964150249e+04	6.43121000000000e-04	1.37469663178272e+01	0.00000000000000e+00	1
31	34	16	13	3.00521556603919e-02	0.00000000000000e+00	1.43698000000000e+02	1.43698000000000e+02	1.27378000000000e+02	0.00000000000000e+00	8.90641517292702e+03	2.15276000000000e-03	1.91733743276704e+01	0.00000000000000e+00	1
31	34	22	19	3.00250748252071e-02	0.00000000000000e+00	6.15337000000000e+01	6.15337000000000e+01	4.88867000000000e+01	0.00000000000000e+00	2.54469004940773e+03	1.56721000000000e-02	3.98806369233229e+01	0.00000000000000e+00	1
31	34	28	25	3.00020337487418e-02	0.00000000000000e+00	2.50726000000000e+01	2.50726000000000e+01	2.37695000000000e+01	0.00000000000000e+00	2.54469004940773e+02	1.93227000000000e+00	4.91702824176908e+02	0.00000000000000e+00	1
32	33	25	24	3.00078343394642e-02	0.00000000000000e+00	2.87306000000000e+01	2.87306000000000e+01	2.88508000000000e+01	0.00000000000000e+00	7.12513213834163e+03	1.79145000000000e-02	1.27643179692321e+02	0.00000000000000e+00	1
32	33	27	26	3.00027541545727e-02	0.00000000000000e+00	2.81522000000000e+01	2.81522000000000e+01	2.68495000000000e+01	0.00000000000000e+00	2.96880505764234e+03	1.22301000000000e-01	3.63087827354716e+02	0.00000000000000e+00	1
32	33	29	28	3.00012159951155e-02	0.00000000000000e+00	2.43272000000000e+01	2.43272000000000e+01	2.33295000000000e+01	0.00000000000000e+00	8.48230016469243e+02	9.69515000000000e-01	8.22371724417178e+02	0.00000000000000e+00	1
32	33	31	30	3.00008385139828e-02	0.00000000000000e+00	1.53918000000000e+01	1.53918000000000e+01	1.46384000000000e+01	0.00000000000000e+00	8.48230016469244e+01	1.40597000000000e+01	1.19258595625526e+03	0.00000000000000e+00	1
32	34	18	16	3.00489564233052e-02	0.00000000000000e+00	3.24553000000000e+02	3.24553000000000e+02	2.70856000000000e+02	0.00000000000000e+00	1.42502642766833e+04	1.43340000000000e-03	2.04263288141978e+01	0.00000000000000e+00	1
32	34	22	20	3.00269829178499e-02	0.00000000000000e+00	8.13796000000000e+01	8.13796000000000e+01	6.04038000000000e+01	0.00000000000000e+00	5.93761011528468e+03	6.24165000000000e-03	3.70604841760666e+01	0.00000000000000e+00	1
32	34	26	24	3.00066091788985e-02	0.00000000000000e+00	3.17437000000000e+01	3.17437000000000e+01	2.96612000000000e+01	0.00000000000000e+00	1.69646003293849e+03	8.91885000000000e-02	1.51304725647734e+02	0.00000000000000e+00	1
32	34	30	28	3.00011406631013e-02	0.00000000000000e+00	2.23797000000000e+01	2.23797000000000e+01	2.12625000000000e+01	0.00000000000000e+00	1.69646003293849e+02	5.16772000000000e+00	8.76683044141689e+02	0.00000000000000e+00	1
32	35	11	8	3.00525896552540e-02	0.00000000000000e+00	3.41855000000000e+02	3.41855000000000e+02	3.15624000000000e+02	0.00000000000000e+00	2.13753964150249e+04	8.89581000000000e-04	1.90151465182743e+01	0.00000000000000e+00	1
32	35	17	14	3.00496035464521e-02	0.00000000000000e+00	8.43915000000000e+01	8.43915000000000e+01	7.64476000000000e+01	0.00000000000000e+00	8.90641517292702e+03	2.26352000000000e-03	2.01598488722238e+01	0.00000000000000e+00	1
32	35	23	20	3.00255988201734e-02	0.00000000000000e+00	6.54441000000000e+01	6.54441000000000e+01	4.78355000000000e+01	0.00000000000000e+00	2.54469004940773e+03	1.53513000000000e-02	3.90643003554729e+01	0.00000000000000e+00	1
32	35	29	26	3.00019474654991e-02	0.00000000000000e+00	2.59324000000000e+01	2.59324000000000e+01	2.45681000000000e+01	0.00000000000000e+00	2.54469004940773e+02	2.01788000000000e+00	5.13487915689888e+02	0.00000000000000e+00	1
33	34	26	25	3.00079494916076e-02	0.00000000000000e+00	4.01093000000000e+01	4.01093000000000e+01	3.87131000000000e+01	0.00000000000000e+00	7.12513213834163e+03	1.76550000000000e-02	1.25794207902421e+02	0.00000000000000e+00	1
33	34	28	27	3.00032682837360e-02	0.00000000000000e+00	2.75142000000000e+01	2.75142000000000e+01	2.63865000000000e+01	0.00000000000000e+00	2.96880505764234e+03	1.03062000000000e-01	3.05970986850735e+02	0.00000000000000e+00	1
33	34	30	29	3.00013769727396e-02	0.00000000000000e+00	2.33204000000000e+01	2.33204000000000e+01	2.23636000000000e+01	0.00000000000000e+00	8.48230016469243e+02	8.56172000000000e-01	7.26230789660505e+02	0.00000000000000e+00	1
33	34	32	31	3.00008281646490e-02	0.00000000000000e+00	1.30900000000000e+01	1.30900000000000e+01	1.24505000000000e+01	0.00000000000000e+00	8.48230016469244e+01	1.42354000000000e+01	1.20748935764463e+03	0.00000000000000e+00	1
33	35	19	17	3.00414348944058e-02	0.00000000000000e+00	1.46303000000000e+01	1.46303000000000e+01	3.70412000000000e+01	0.00000000000000e+00	1.42502642766833e+04	1.69360000000000e-03	2.41342475789908e+01	0.00000000000000e+00	1
33	35	23	21	3.00299381975707e-02	0.00000000000000e+00	3.72796000000000e+01	3.72796000000000e+01	3.98177000000000e+01	0.00000000000000e+00	5.93761011528468e+03	5.62552000000000e-03	3.34021444557363e+01	0.00000000000000e+00	1
33	35	27	25	3.00066352621144e-02	0.00000000000000e+00	2.58554000000000e+01	2.58554000000000e+01	2.45244000000000e+01	0.00000000000000e+00	1.69646003293849e+03	8.88379000000000e-02	1.50709946760186e+02	0.00000000000000e+00	1
33	35	31	29	3.00011601747599e-02	0.00000000000000e+00	2.16023000000000e+01	2.16023000000000e+01	2.05325000000000e+01	0.00000000000000e+00	1.69646003293849e+02	5.08081000000000e+00	8.61939109995420e+02	0.00000000000000e+00	1
33	36	12	9	3.00887618997313e-02	0.00000000000000e+00	1.23552000000000e+03	-9.99000000000000e+02	-9.99000000000000e+02	0.00000000000000e+00	2.13753964150249e+04	5.27059000000000e-04	1.12660950591066e+01	0.00000000000000e+00	1
33	36	18	15	3.00556890636530e-02	0.00000000000000e+00	2.20262000000000e+02	2.20262000000000e+02	2.33369000000000e+02	0.00000000000000e+00	8.90641517292702e+03	2.01617000000000e-03	1.79568470792003e+01	0.00000000000000e+00	1
33	36	24	21	3.00271607400994e-02	0.00000000000000e+00	7.20317000000000e+01	7.20317000000000e+01	5.48099000000000e+01	0.00000000000000e+00	2.54469004940773e+03	1.44685000000000e-02	3.68178479798558e+01	0.00000000000000e+00	1
33	36	30	27	3.00020991366188e-02	0.00000000000000e+00	2.60428000000000e+01	2.60428000000000e+01	2.46158000000000e+01	0.00000000000000e+00	2.54469004940773e+02	1.87208000000000e+00	4.76386334769523e+02	0.00000000000000e+00	1
34	35	27	26	3.00075843433846e-02	0.00000000000000e+00	3.51641000000000e+01	3.51641000000000e+01	2.73932000000000e+01	0.00000000000000e+00	7.12513213834163e+03	1.85050000000000e-02	1.31850570220012e+02	0.00000000000000e+00	1
34	35	29	28	3.00030124389250e-02	0.00000000000000e+00	2.99695000000000e+01	2.99695000000000e+01	2.79240000000000e+01	0.00000000000000e+00	2.96880505764234e+03	1.11815000000000e-01	3.31956937520278e+02	0.00000000000000e+00	1
34	35	31	30	3.00013273512483e-02	0.00000000000000e+00	2.40808000000000e+01	2.40808000000000e+01	2.29174000000000e+01	0.00000000000000e+00	8.48230016469243e+02	8.88179000000000e-01	7.53380087797636e+02	0.00000000000000e+00	1
34	35	33	32	3.00008687926073e-02	0.00000000000000e+00	1.26038000000000e+01	1.26038000000000e+01	1.19914000000000e+01	0.00000000000000e+00	8.48230016469244e+01	1.35697000000000e+01	1.15102268544827e+03	0.00000000000000e+00	1
34	36	20	18	3.00507911995815e-02	0.00000000000000e+00	3.69176000000000e+02	3.69176000000000e+02	3.30015000000000e+02	0.00000000000000e+00	1.42502642766833e+04	1.38162000000000e-03	1.96884501299511e+01	0.00000000000000e+00	1
34	36	24	22	3.00290985304038e-02	0.00000000000000e+00	9.12568000000000e+01	9.12568000000000e+01	8.33251000000000e+01	0.00000000000000e+00	5.93761011528468e+03	5.78785000000000e-03	3.43659967057505e+01	0.00000000000000e+00	1
34	36	28	26	3.00070106534436e-02	0.00000000000000e+00	3.05281000000000e+01	3.05281000000000e+01	3.01982000000000e+01	0.00000000000000e+00	1.69646003293849e+03	8.40810000000000e-02	1.42640056029501e+02	0.00000000000000e+00	1
34	36	32	30	3.00011548605209e-02	0.00000000000000e+00	2.09663000000000e+01	2.09663000000000e+01	1.99700000000000e+01	0.00000000000000e+00	1.69646003293849e+02	5.10419000000000e+00	8.65905433552430e+02	0.00000000000000e+00	1
34	37	13	10	3.00293266539060e-02	0.00000000000000e+00	5.31534000000000e+01	5.31534000000000e+01	9.51705000000000e+01	0.00000000000000e+00	2.13753964150249e+04	1.59523000000000e-03	3.40986736231402e+01	0.00000000000000e+00	1
34	37	19	16	3.00372461832693e-02	0.00000000000000e+00	4.40867000000000e+01	4.40867000000000e+01	5.56712000000000e+01	0.00000000000000e+00	8.90641517292702e+03	3.01450000000000e-03	2.68483885387885e+01	0.00000000000000e+00	1
34	37	25	22	3.00256228552138e-02	0.00000000000000e+00	3.53528000000000e+00	3.53528000000000e+00	9.84317000000000e+00	0.00000000000000e+00	2.54469004940773e+03	1.53369000000000e-02	3.90276568187615e+01	0.00000000000000e+00	1
34	37	31	28	3.00020344963042e-02	0.00000000000000e+00	2.64828000000000e+01	2.64828000000000e+01	2.51896000000000e+01	0.00000000000000e+00	2.54469004940773e+02	1.93156000000000e+00	4.91522151183400e+02	0.00000000000000e+00	1
35	36	28	27	3.00084307435684e-02	0.00000000000000e+00	4.57926000000000e+01	4.57926000000000e+01	4.25628000000000e+01	0.00000000000000e+00	7.12513213834163e+03	1.66472000000000e-02	1.18613499733401e+02	0.00000000000000e+00	1
35	36	30	29	3.00031052220661e-02	0.00000000000000e+00	3.07027000000000e+01	3.07027000000000e+01	2.88574000000000e+01	0.00000000000000e+00	2.96880505764234e+03	1.08474000000000e-01	3.22038159822695e+02	0.00000000000000e+00	1
35	36	32	31	3.00012882136891e-02	0.00000000000000e+00	2.34035000000000e+01	2.34035000000000e+01	2.21466000000000e+01	0.00000000000000e+00	8.48230016469243e+02	9.15163000000000e-01	7.76268726562042e+02	0.00000000000000e+00	1
35	36	34	33	3.00008625442672e-02	0.00000000000000e+00	1.49487000000000e+01	1.49487000000000e+01	1.41977000000000e+01	0.00000000000000e+00	8.48230016469244e+01	1.36680000000000e+01	1.15936078651016e+03	0.00000000000000e+00	1
35	37	21	19	3.01124763979634e-02	0.00000000000000e+00	9.35064000000000e+02	9.35064000000000e+02	8.48897000000000e+02	0.00000000000000e+00	1.42502642766833e+04	6.23901000000000e-04	8.89075413248696e+00	0.00000000000000e+00	1
35	37	25	23	3.00328326937484e-02	0.00000000000000e+00	9.44659000000000e+01	9.44659000000000e+01	1.00525000000000e+02	0.00000000000000e+00	5.93761011528468e+03	5.12958000000000e-03	3.04574460951620e+01	0.00000000000000e+00	1
35	37	29	27	3.00066392978028e-02	0.00000000000000e+00	3.22266000000000e+01	3.22266000000000e+01	3.26840000000000e+01	0.00000000000000e+00	1.69646003293849e+03	8.87839000000000e-02	1.50618337918407e+02	0.00000000000000e+00	1
35	37	33	31	3.00011432692238e-02	0.00000000000000e+00	2.08167000000000e+01	2.08167000000000e+01	1.98655000000000e+01	0.00000000000000e+00	1.69646003293849e+02	5.15594000000000e+00	8.74684614222887e+02	0.00000000000000e+00	1
35	38	14	11	3.00762822474225e-02	0.00000000000000e+00	8.59243000000000e+02	8.59243000000000e+02	9.04101000000000e+02	0.00000000000000e+00	2.13753964150249e+04	6.13285000000000e-04	1.31092099903885e+01	0.00000000000000e+00	1
35	38	20	17	3.00558116950825e-02	0.00000000000000e+00	2.23564000000000e+02	2.23564000000000e+02	2.34808000000000e+02	0.00000000000000e+00	8.90641517292702e+03	2.01174000000000e-03	1.79173916599842e+01	0.00000000000000e+00	1
35	38	26	23	3.00284618180594e-02	0.00000000000000e+00	5.03365000000000e+01	5.03365000000000e+01	5.16786000000000e+01	0.00000000000000e+00	2.54469004940773e+03	1.38071000000000e-02	3.51347899811775e+01	0.00000000000000e+00	1
35	38	32	29	3.00019946965541e-02	0.00000000000000e+00	2.61148000000000e+01	2.61148000000000e+01	2.48362000000000e+01	0.00000000000000e+00	2.54469004940773e+02	1.97010000000000e+00	5.01329386633817e+02	0.00000000000000e+00	1
36	37	29	28	3.00072574915366e-02	0.00000000000000e+00	2.88993000000000e+01	2.88993000000000e+01	2.89732000000000e+01	0.00000000000000e+00	7.12513213834163e+03	1.93384000000000e-02	1.37788655344106e+02	0.00000000000000e+00	1
36	37	31	30	3.00028441047545e-02	0.00000000000000e+00	3.46579000000000e+01	3.46579000000000e+01	3.27316000000000e+01	0.00000000000000e+00	2.96880505764234e+03	1.18433000000000e-01	3.51604489391755e+02	0.00000000000000e+00	1
36	37	33	32	3.00012409624587e-02	0.00000000000000e+00	2.33814000000000e+01	2.33814000000000e+01	2.21377000000000e+01	0.00000000000000e+00	8.48230016469243e+02	9.50009000000000e-01	8.05826149715929e+02	0.00000000000000e+00	1
36	37	35	34	3.00008956971185e-02	0.00000000000000e+00	1.62351000000000e+01	1.62351000000000e+01	1.54299000000000e+01	0.00000000000000e+00	8.48230016469244e+01	1.31621000000000e+01	1.11644882997698e+03	0.00000000000000e+00	1
36	38	22	20	3.00532906070425e-02	0.00000000000000e+00	1.15173000000000e+02	1.15173000000000e+02	1.50331000000000e+02	0.00000000000000e+00	1.42502642766833e+04	1.31682000000000e-03	1.87650330048220e+01	0.00000000000000e+00	1
36	38	26	24	3.00302797212545e-02	0.00000000000000e+00	-2.22959000000000e-01	-2.22959000000000e-01	7.70448000000000e+00	0.00000000000000e+00	5.93761011528468e+03	5.56207000000000e-03	3.30254030939215e+01	0.00000000000000e+00	1
36	38	30	28	3.00070530062086e-02	0.00000000000000e+00	3.32321000000000e+01	3.32321000000000e+01	3.18800000000000e+01	0.00000000000000e+00	1.69646003293849e+03	8.35761000000000e-02	1.41783513358870e+02	0.00000000000000e+00	1
36	38	34	32	3.00011148252804e-02	0.00000000000000e+00	2.19719000000000e+01	2.19719000000000e+01	2.09003000000000e+01	0.00000000000000e+00	1.69646003293849e+02	5.28749000000000e+00	8.97001545956193e+02	0.00000000000000e+00	1
36	39	15	12	3.03032387077172e-02	0.00000000000000e+00	1.97888000000000e+03	-9.99000000000000e+02	-9.99000000000000e+02	0.00000000000000e+00	2.13753964150249e+04	1.54277000000000e-04	3.29773203272080e+00	0.00000000000000e+00	1
36	39	21	18	3.02796450831503e-02	0.00000000000000e+00	-5.09809000000000e+02	-5.09809000000000e+02	-6.18900000000000e+02	0.00000000000000e+00	8.90641517292702e+03	4.01504000000000e-04	3.57596131759089e+00	0.00000000000000e+00	1
36	39	27	24	3.00294072653353e-02	0.00000000000000e+00	1.71334000000000e+01	1.71334000000000e+01	2.35006000000000e+01	0.00000000000000e+00	2.54469004940773e+03	1.33632000000000e-02	3.40052020682454e+01	0.00000000000000e+00	1
36	39	33	30	3.00020440840995e-02	0.00000000000000e+00	2.54948000000000e+01	2.54948000000000e+01	2.43012000000000e+01	0.00000000000000e+00	2.54469004940773e+02	1.92250000000000e+00	4.89216661998637e+02	0.00000000000000e+00	1
37	38	30	29	3.00096217923650e-02	0.00000000000000e+00	3.95446000000000e+01	3.95446000000000e+01	3.22469000000000e+01	0.00000000000000e+00	7.12513213834163e+03	1.45865000000000e-02	1.03930739935920e+02	0.00000000000000e+00	1
37	38	32	31	3.00034854162901e-02	0.00000000000000e+00	3.01138000000000e+01	3.01138000000000e+01	2.80669000000000e+01	0.00000000000000e+00	2.96880505764234e+03	9.66415000000000e-02	2.86909773978142e+02	0.00000000000000e+00	1
37	38	34	33	3.00014356236217e-02	0.00000000000000e+00	2.35764000000000e+01	2.35764000000000e+01	2.23421000000000e+01	0.00000000000000e+00	8.48230016469243e+02	8.21194000000000e-01	6.96561400144443e+02	0.00000000000000e+00	1
37	38	36	35	3.00008643085493e-02	0.00000000000000e+00	1.66378000000000e+01	1.66378000000000e+01	1.57992000000000e+01	0.00000000000000e+00	8.48230016469244e+01	1.36401000000000e+01	1.15699422476421e+03	0.00000000000000e+00	1
37	39	23	21	3.00463617930298e-02	0.00000000000000e+00	4.69406000000000e+02	4.69406000000000e+02	3.84895000000000e+02	0.00000000000000e+00	1.42502642766833e+04	1.51362000000000e-03	2.15694850144733e+01	0.00000000000000e+00	1
37	39	27	25	3.00340297363174e-02	0.00000000000000e+00	9.75660000000000e+01	9.75660000000000e+01	8.22999000000000e+01	0.00000000000000e+00	5.93761011528468e+03	4.94914000000000e-03	2.93860637259600e+01	0.00000000000000e+00	1
37	39	31	29	3.00082712343818e-02	0.00000000000000e+00	3.74302000000000e+01	3.74302000000000e+01	3.46220000000000e+01	0.00000000000000e+00	1.69646003293849e+03	7.12666000000000e-02	1.20900938583414e+02	0.00000000000000e+00	1
37	39	35	33	3.00013233269401e-02	0.00000000000000e+00	2.18986000000000e+01	2.18986000000000e+01	2.08264000000000e+01	0.00000000000000e+00	1.69646003293849e+02	4.45440000000000e+00	7.55671157072120e+02	0.00000000000000e+00	1
37	40	16	13	3.01329618449585e-02	0.00000000000000e+00	1.94500000000000e+03	-9.99000000000000e+02	-9.99000000000000e+02	0.00000000000000e+00	2.13753964150249e+04	3.51851000000000e-04	7.52095460402293e+00	0.00000000000000e+00	1
37	40	22	19	3.00621412194092e-02	0.00000000000000e+00	2.00335000000000e+02	2.00335000000000e+02	2.37646000000000e+02	0.00000000000000e+00	8.90641517292702e+03	1.80683000000000e-03	1.60923781268997e+01	0.00000000000000e+00	1
37	40	28	25	3.00335443289539e-02	0.00000000000000e+00	8.40346000000000e+01	8.40346000000000e+01	7.46116000000000e+01	0.00000000000000e+00	2.54469004940773e+03	1.17151000000000e-02	2.98112983978165e+01	0.00000000000000e+00	1
37	40	34	31	3.00023492059309e-02	0.00000000000000e+00	2.55058000000000e+01	2.55058000000000e+01	2.41913000000000e+01	0.00000000000000e+00	2.54469004940773e+02	1.67280000000000e+00	4.25675751464926e+02	0.00000000000000e+00	1
38	39	31	30	3.00103221547961e-02	0.00000000000000e+00	4.63782000000000e+01	4.63782000000000e+01	3.80364000000000e+01	0.00000000000000e+00	7.12513213834163e+03	1.35968000000000e-02	9.68789966586034e+01	0.00000000000000e+00	1
38	39	33	32	3.00039584763650e-02	0.00000000000000e+00	2.84809000000000e+01	2.84809000000000e+01	2.67230000000000e+01	0.00000000000000e+00	2.96880505764234e+03	8.50923000000000e-02	2.52622450606419e+02	0.00000000000000e+00	1
38	39	35	34	3.00016500838452e-02	0.00000000000000e+00	2.38591000000000e+01	2.38591000000000e+01	2.23182000000000e+01	0.00000000000000e+00	8.48230016469243e+02	7.14464000000000e-01	6.06029810486681e+02	0.00000000000000e+00	1
38	39	37	36	3.00008254971532e-02	0.00000000000000e+00	1.71758000000000e+01	1.71758000000000e+01	1.62970000000000e+01	0.00000000000000e+00	8.48230016469244e+01	1.42814000000000e+01	1.21139121572039e+03	0.00000000000000e+00	1
38	40	24	22	3.00360020609622e-02	0.00000000000000e+00	2.98425000000000e+02	2.98425000000000e+02	2.96148000000000e+02	0.00000000000000e+00	1.42502642766833e+04	1.94917000000000e-03	2.77761876201827e+01	0.00000000000000e+00	1
38	40	28	26	3.00324894052598e-02	0.00000000000000e+00	8.30875000000000e+01	8.30875000000000e+01	8.50779000000000e+01	0.00000000000000e+00	5.93761011528468e+03	5.18378000000000e-03	3.07792645634104e+01	0.00000000000000e+00	1
38	40	32	30	3.00088294211637e-02	0.00000000000000e+00	2.86487000000000e+01	2.86487000000000e+01	3.13859000000000e+01	0.00000000000000e+00	1.69646003293849e+03	6.67612000000000e-02	1.13257707551013e+02	0.00000000000000e+00	1
38	40	36	34	3.00013322005008e-02	0.00000000000000e+00	2.22942000000000e+01	2.22942000000000e+01	2.13076000000000e+01	0.00000000000000e+00	1.69646003293849e+02	4.42473000000000e+00	7.50637760154392e+02	0.00000000000000e+00	1
38	41	17	14	3.02694657549290e-02	0.00000000000000e+00	5.05586000000000e+03	-9.99000000000000e+02	-9.99000000000000e+02	0.00000000000000e+00	2.13753964150249e+04	1.73613000000000e-04	3.71104669780172e+00	0.00000000000000e+00	1
38	41	23	20	3.00622849674732e-02	0.00000000000000e+00	2.30151000000000e+02	2.30151000000000e+02	2.78262000000000e+02	0.00000000000000e+00	8.90641517292702e+03	1.80266000000000e-03	1.60552383756286e+01	0.00000000000000e+00	1
38	41	29	26	3.00350120427769e-02	0.00000000000000e+00	9.29326000000000e+01	9.29326000000000e+01	8.37978000000000e+01	0.00000000000000e+00	2.54469004940773e+03	1.12240000000000e-02	2.85616011145524e+01	0.00000000000000e+00	1
38	41	35	32	3.00026212499291e-02	0.00000000000000e+00	2.54182000000000e+01	2.54182000000000e+01	2.41554000000000e+01	0.00000000000000e+00	2.54469004940773e+02	1.49919000000000e+00	3.81497387517158e+02	0.00000000000000e+00	1
39	40	32	31	3.00107185998313e-02	0.00000000000000e+00	4.84950000000000e+01	4.84950000000000e+01	4.16743000000000e+01	0.00000000000000e+00	7.12513213834163e+03	1.30939000000000e-02	9.32957677062314e+01	0.00000000000000e+00	1
39	40	34	33	3.00039896037162e-02	0.00000000000000e+00	2.88302000000000e+01	2.88302000000000e+01	2.70364000000000e+01	0.00000000000000e+00	2.96880505764234e+03	8.44284000000000e-02	2.50651460928651e+02	0.00000000000000e+00	1
39	40	36	35	3.00015191223124e-02	0.00000000000000e+00	2.40816000000000e+01	2.40816000000000e+01	2.30663000000000e+01	0.00000000000000e+00	8.48230016469243e+02	7.76057000000000e-01	6.58274841891071e+02	0.00000000000000e+00	1
39	40	38	37	3.00007579808431e-02	0.00000000000000e+00	1.76321000000000e+01	1.76321000000000e+01	1.67702000000000e+01	0.00000000000000e+00	8.48230016469244e+01	1.55535000000000e+01	1.31929455611544e+03	0.00000000000000e+00	1
39	41	25	23	3.02873304337166e-02	0.00000000000000e+00	-2.50859000000000e+03	-9.99000000000000e+02	-9.99000000000000e+02	0.00000000000000e+00	1.42502642766833e+04	2.44228000000000e-04	3.48031354376580e+00	0.00000000000000e+00	1
39	41	29	27	3.00401635774206e-02	0.00000000000000e+00	9.09113000000000e+01	9.09113000000000e+01	9.02453000000000e+01	0.00000000000000e+00	5.93761011528468e+03	4.19330000000000e-03	2.48981804964233e+01	0.00000000000000e+00	1
39	41	33	31	3.00096529903594e-02	0.00000000000000e+00	3.40976000000000e+01	3.40976000000000e+01	3.29068000000000e+01	0.00000000000000e+00	1.69646003293849e+03	6.10653000000000e-02	1.03594840849399e+02	0.00000000000000e+00	1
39	41	37	35	3.00011983507704e-02	0.00000000000000e+00	2.27538000000000e+01	2.27538000000000e+01	2.16519000000000e+01	0.00000000000000e+00	1.69646003293849e+02	4.91895000000000e+00	8.34480207902278e+02	0.00000000000000e+00	1
40	41	33	32	3.00123823966061e-02	0.00000000000000e+00	6.54808000000000e+01	6.54808000000000e+01	4.96639000000000e+01	0.00000000000000e+00	7.12513213834163e+03	1.13345000000000e-02	8.07598102220332e+01	0.00000000000000e+00	1
40	41	35	34	3.00047188513789e-02	0.00000000000000e+00	2.93585000000000e+01	2.93585000000000e+01	2.64418000000000e+01	0.00000000000000e+00	2.96880505764234e+03	7.13809000000000e-02	2.11915976939062e+02	0.00000000000000e+00	1
40	41	37	36	3.00014768006198e-02	0.00000000000000e+00	2.45815000000000e+01	2.45815000000000e+01	2.30822000000000e+01	0.00000000000000e+00	8.48230016469243e+02	7.98297000000000e-01	6.77139477457347e+02	0.00000000000000e+00	1
40	41	39	38	3.00007019084927e-02	0.00000000000000e+00	1.84150000000000e-02	1.84150000000000e-02	1.74928000000000e-02	0.00000000000000e+00	8.48230016469244e+01	1.67960000000000e+01	1.42468713566174e+03	0.00000000000000e+00	1
0
